382592560
370079863
2044543370
297242027
3316824003
2129092964
3173567350
3528481820
3270345442
816567018
4044655651
3642338462
1394810374
3979016229
3242258798
704041831
4054292442
3802971010
2880837625
4195569301
3298516018
2308454932
7234026
1771579636
1254086827
2805609452
2150658776
98483773
1221613560
1277449593
195161867
2344748948
1908722048
1739569302
312708342
3034415490
828216094
3404155631
1610316718
18653753
3055162477
1731746989
1112119208
3388279090
3826858838
2306488501
2505623494
602347562
236107874
2860993872
2651606197
4193295304
1357281973
1473501730
2016801890
2019827880
2008100349
643120039
1301163321
449332949
2781226044
2672229870
4203339545
2911485375
1647036467
3672088532
1154067647
1937651951
709905161
1660211782
1547623252
2317307937
4231012333
112348216
1698860517
1823087113
962137574
3772291678
1305734901
3681061769
3991430724
3946666408
910398217
3433657804
180863761
502973750
864464272
3845633966
61989349
2475676431
1453580951
3995764020
4259592050
1965197611
4216369639
3340644106
2319428771
1985717874
771779253
3264171563
2108704118
3293201448
279246099
320405962
2866946059
3874999780
364085626
2718069913
850887452
173881224
894394572
2863922357
3583851857
2018087592
1483571525
1370205268
1286415839
773353936
4261455592
1199757561
3213796058
3916341727
379099525
2101882532
1239592780
535693745
1353701296
2313550826
136630515
4006439739
2941760613
1581513644
2672273868
3869782760
3390315256
2364778420
227111072
749258746
1230936535
2966111924
4136343439
1296460972
4157030950
2064009206
1856552082
2408913904
788768853
582535747
3901520091
2108757931
2291741256
2949419144
1730985154
3959162318
2143875243
3264451474
4209848599
1033850621
2081125554
3517022511
1719772072
652645686
1678973980
694528466
2932030192
2699453666
3434750317
3760084090
164555109
1938964062
330101324
259061928
3719179139
2795562213
2067807091
3705619111
3159777185
3396017700
4242253003
3839474589
3892919667
2754214627
683005516
2078800751
3452702623
2435177377
4103960983
3095006189
4057684110
1654118123
3882826223
428323349
3665961766
1007712057
2716053300
2172761786
2622578195
3992401910
3494795673
4276387143
2586168259
1890792946
2631962570
3374303742
3589884094
3712019554
2035238468
2491706874
2382921619
671498571
789767899
393896688
1547949528
112951459
3790424646
888073725
117637765
3293837891
1600152332
2245925085
3441449722
3966701440
1782550706
288596684
3185965216
2729917964
397654375
127937122
349821975
3772182086
3620452981
3964777022
2145723274
3914831610
2842074655
2453920639
2605092358
2450207954
1982937251
3929250568
4268019858
2653999963
40012963
714499893
112514558
3101658500
805249578
3812875745
2386792442
616005570
2708399656
3203024657
3715094094
1412633594
4111207088
2078328363
4031744810
2354135329
541271094
103535065
1462282621
2629850794
3615135873
3637153266
2379687456
1776510328
1214610450
740556653
3795708168
3662446589
1568510455
1041087886
487759784
3440384046
1152709267
375502052
3618917656
3207003558
1224672605
784514273
4096554708
1781354632
1337464985
1591382699
787566781
904815103
4138159506
723659569
707379403
2450082267
3355115333
2578624859
3630104450
598588515
266034055
1533187622
1385225842
1346118800
1579909770
3768930468
2020499831
4214554291
1992260523
2784116618
778768568
787702527
34604269
312399066
1829012784
2254167792
2043153234
3649736360
2040484725
1494816296
3606681377
498048532
2392078444
4100732630
2298396099
4238868257
3703397505
2240504284
3858466074
2876936225
175362408
3070901196
4234536110
3523075385
1308986928
2834432626
4147760797
3209720342
4183007734
16198278
3445090428
2673694233
2514337640
1339424033
1089801407
3760520506
805075927
2858137377
887675778
1193710902
3224435953
3033327062
242867835
847459519
1375742385
2389213455
988434669
889067059
749032885
1510720690
3758123001
87296935
66503597
1504897808
1867249388
3128626163
3160077188
2110505014
3785030000
1750899819
676656795
3835766697
2712660851
588835144
3161887159
477961987
52386088
3510535118
3777976794
3315571
1489780495
3692363895
283623974
3816974555
790186556
3443991013
4093942842
2349767965
3967777151
3375565099
1427107739
202501884
1277828182
479499957
1979178992
1075884829
1693029112
3896984906
701561599
40964215
2625545525
2334906790
1612741676
1004019810
1582689596
3824633229
3991331860
2378041485
19176398
741639952
1038421676
4017285459
2921655434
685100451
444722416
1343806258
2093601005
1108208317
4240432467
1764373980
2531625193
1229404606
1517999361
2349477274
3282762458
3509082474
3240624117
2326092050
2519344439
3801470060
1736308256
516445303
2322098158
1634656964
2072464763
3834549413
412067804
1860067293
3809300242
1191520590
3046874118
3415528036
4029375797
96740155
1805626570
2193369512
3517883335
1639465730
685611993
737513238
2455015454
659985327
1110656623
15817938
1700939740
3949819036
2138673098
2658092441
2080175266
332182717
1886594180
3662808173
1561542234
2855902900
1704758013
906112758
3625167572
693011224
3876365335
2238857687
845978486
929208623
220629222
3259906637
3214386550
2119296349
1683962008
2668393635
1733460378
817080105
3147370389
3866480732
3555718393
779063659
1272410752
115572124
3334547211
1901367497
677836582
2325551528
3119559707
2496029676
737635222
935528097
2692125551
1154776533
1787749094
3648572355
1180348754
928305980
3291414251
2556219035
1520017461
2109253805
2305593610
1117194856
628928244
1316582278
3938387055
1111265999
133932045
1587250707
1491325180
3649480891
226433733
3365456105
1457833198
2560473731
2371507517
282353143
2824098973
341855662
2828545478
2695894835
3122830595
2609458796
1986071389
3262750527
3730921745
4226346567
492127493
1614560323
2453217156
2407133302
1131182737
516586100
3409216167
3278970269
2281228493
73418240
4020095059
3736311849
1172226417
2072639890
2641047677
1261445852
2976336584
3008488362
2435340622
1403357306
2169273723
336552781
2526438932
3008621802
1293664630
192754377
2526036742
669444541
2645163936
2224258435
69146774
155242354
549700328
3548733161
4088486176
599545702
1863569596
2065383542
714894620
4258660373
3790745786
1499783742
3050010598
953950438
490994957
3437018000
1454137053
713370954
760721106
2502762292
2296796063
4253108647
2045223373
3574217421
1169532446
1874581911
1024224637
880634055
3381504968
3782205085
1026227483
4035979857
3022024439
3293622416
1436694895
3702318171
2391729415
3127905421
3753017111
1782059164
3789991643
3954969737
1592258309
4164471074
2731479920
2922630983
791890662
3026317532
1152157257
4121336660
3539166819
2646010549
2640085307
711157624
3378923345
3157711055
3782285660
3046705041
802525865
737018350
1386652651
3068180604
572685868
2460809544
2962259730
3116227288
2586146905
3015147362
2016934644
1561471880
4272185416
1396322818
746823473
3889389172
678379691
3683327101
3661846017
2800281716
3178313200
1473918483
2327012892
2888296698
3443406696
3962206588
476650581
4010101145
942541980
3811263893
1400503380
501425080
4192480405
2101789198
2797294962
1969807294
852702342
4146877419
2985934321
3446987763
1980643742
1177397252
3847306943
3296574457
177337099
4207372890
234355496
1818328135
1503408612
2043682952
4207810976
1422258059
193800087
2977983749
1707013438
2265936995
4160924899
1074187987
1518981892
764777181
1308028654
874532311
4246522926
716417581
949675857
836449720
741698374
1677641999
4075877347
2393277634
1923676250
4258365255
3206461341
1459123216
2230748336
3382961825
3276147406
1294742054
3652060487
1192311668
2875706458
1946018651
1541356588
2297757784
131631430
2743558161
3239924545
923844678
3859702474
2247088566
3925118917
819250408
2244090632
3104268025
4145610737
1142227414
1439841703
1062703227
1188061973
1952014712
3828411800
3325700360
3291661712
4141972250
2908644916
733605734
2116116145
845382989
2095852537
1933511270
2751892742
3730628894
2012101139
3761062648
2787384706
2956401220
299445594
3916164657
3455159868
448965618
2801858227
3603408108
2265285885
413099471
3567636113
2142099589
734743523
995516312
292460604
1359911028
1094444326
752105451
575901692
44326775
1647648534
1001112388
3435924852
1588394327
1815396910
2302282629
728351452
71155447
991994494
1765909799
1897673644
3459135699
3999252242
113365526
1509097029
2653602983
3288977326
3048997122
2316299381
2578379371
2599968912
3219521885
3801793938
396058548
980217288
758852337
2407815872
1178174345
2171240898
3717560214
2527600602
286284718
2531764565
1880054771
3508185766
2273260268
3934531830
3166222804
262614537
2524336396
605653718
3929415640
3426950743
1406635966
1535125176
2774654832
3842004286
2150889769
4271583560
3395376068
1079989701
4036301613
1562657625
1666809720
2419284230
50839870
3101266704
839424745
1160549742
4266602675
1255505351
3958915502
2845335471
2484899296
3893038057
2980647795
2399775641
2712883756
412978859
4240096535
3179394985
3002281186
1443444780
3177901082
4211148962
3431389170
866526157
3240893565
1696694649
2708060361
3516170692
2967820906
525524963
496602375
709697882
163745933
2068661447
3894437551
661961728
3823380660
4115484589
112279441
3702460799
718564419
3302112739
2559457442
1511965388
1179163715
1379343389
1884395078
973103702
757289407
906763331
3506383690
1659319335
885488611
1949086630
3356942961
140847106
3037342378
575593523
609208135
2341868404
2269911586
3848803267
3500252693
1187454582
1731325469
650456373
664275128
4000114514
1733787278
2250375788
1947018577
4284688738
463348938
197432239
2979818993
1762383451
3618975878
3629767548
852409222
1207013922
3024761697
706509893
25579032
3851259521
357257485
1022058366
131286754
949666457
2102718037
317889320
3440713573
3055559530
1423969236
3271585635
1008108462
1570365581
233450565
3778008767
2503609696
1309090838
4182854499
1084196028
296632198
1448905203
2186545434
194328142
239857901
1002116521
923199427
162885180
4213142989
1300753331
3230117945
2452188042
1335132566
2575228580
3685220243
2897686821
2921902096
1441115274
3130240605
2074565399
2151785388
226927287
2714488321
3204187890
155848874
298151405
382056515
1728534473
3957648123
780819839
2475712132
2075621598
2745955087
3149891378
1312240336
2427300411
3653045095
3706793109
270832174
3574538604
1818152866
1198224092
1335561813
2756128388
729081903
1406712665
381628141
3453020481
2936348748
3987354378
3204807423
1325973659
2360331372
3656695807
1926624956
2379269369
2466421276
2630619259
4192389032
2115799225
1979927584
594754982
2063912928
4207291403
3692648828
347162903
2029072091
3271094589
2275744402
316613954
4223874256
4105821396
2228843765
2794249654
2819425102
1789234527
625739658
422688702
1633758510
1332802518
2975995162
1169429085
1642286309
4144937435
3321041001
328475153
3137640414
4156618798
4291384353
1713967461
1132909619
2215009735
2200985229
406980832
3390946241
1488715453
2237579251
3981453872
3445805057
3602696369
2215461874
1590838856
547357588
1630851974
1738337486
2286855016
3118906573
957861117
2355449637
27568284
2032351892
3265505665
4044812500
3983565538
3032308856
3416751476
3449156770
2325751297
734522433
4005083318
1340637971
1305905641
3847989939
3885763772
1585106666
1347962268
1845591152
3290266708
3033982799
132776446
415833342
2229297315
4072477119
3377540013
3169293804
3475445822
1263245131
4975477
1141738056
2816281925
3553359913
1556920859
3816141244
1421429630
1172651992
2861239046
811985180
2294001159
3373703440
1038967865
2610508056
976495881
4241144018
3424048221
2155414955
1820714101
4063917371
743652097
4251214928
785061518
2934036492
3444745879
1282776685
202198324
3661290108
2125494133
2395032750
142986232
149359678
240142955
876934511
1049556164
1630593406
4241683751
2721080746
1210550221
2031379159
1988928668
4218996667
794572391
786733458
1188888859
2641820123
2238971593
3355403092
230385899
3700229744
4202570931
1901813618
1446810613
143045716
3448764680
1088899409
2078760239
3014485889
2345773868
2028813046
1837223369
4292584916
504247783
1408608927
3270998678
1249092245
962811120
3809328325
587629352
2809958528
2966967054
217196295
656666797
60421450
3531579537
4076756333
1411952187
1015462120
1109944791
938163401
2680722766
2050724884
4106767246
3320965210
730860025
3985106040
3967674131
3521036251
1262268613
1481054583
3555491365
3013421192
3396012930
2957838454
133253243
356902376
694755882
3075339479
2609670857
1770162821
1842885058
542098807
3409714293
1515099879
3724952332
3241697216
1844921979
4047968490
554607721
26394628
506321924
225025573
579616224
3155867338
1557754714
726539076
1066993218
2096610906
24215445
3151332928
2715395159
946996918
2363596370
611028378
24583501
3520717972
364169008
2220049058
665045794
827372063
2001286323
338645917
922662388
2951958594
921521544
2947963793
1806690078
1242139484
4198416865
1876246210
404855814
1410767635
3253562380
3729137393
1743373469
3340062066
3411706346
1268264622
529111680
3873364291
2446737860
2965049302
523475506
381996951
1506538992
2345416781
1725723305
3879865678
2771362350
4159153380
4163222879
617100267
2508311016
594361724
266181529
775543776
3885676484
4124573750
3755865237
2543822
2689170808
631973110
4247130486
1018474233
2740228837
606325219
868150983
1738569130
4009197462
1581583287
3939592593
3596183737
406380277
1294339702
2180436783
1773176721
1675410461
2728821981
1167983474
423901014
1213269007
83341811
1725398243
3258007155
122233022
1877063084
1149079091
3870735817
3175511994
1168060854
1490663474
3698391513
944285494
801193079
262783469
3226385573
1918438572
3846642343
84095648
2854424929
119876171
1657591567
3766302316
3158401672
834763494
951745151
2120328483
2543636969
2534152958
3935393274
3724036327
1440507238
1818761885
1476102697
2103997873
3733360227
337624439
1485436615
119219518
3595762052
4185979012
195147795
4118537422
1462386121
729028375
3620768699
21361154
1652336817
4017903594
4119150738
2250413029
27874509
1561174059
4022572723
1873967252
160490890
3424129010
444375208
3240104835
4217302423
196263093
2313629378
1450540633
3048188694
3410468276
1177344695
1561175899
3459221467
381480548
1877789427
3067627999
3380566040
3091566639
1777356081
1728507280
3990940022
3324110866
1418385111
2279284022
3196429824
1038119177
1455046409
916028154
3705225073
1049370867
794593813
2941751877
908663051
3531214840
2474384545
2526722637
3503825305
2695001118
3415736865
1859615408
3825195243
1775787287
1536553349
3136683694
437377195
774991385
2579805515
1579056781
992520086
173617261
2955826438
2329778059
2332157167
779217038
1047416867
40794193
270078908
155239033
3755377910
1770743379
681025997
2957066923
973430541
3001257179
1625833605
2968427712
3049756739
2210000134
4276347636
1411875002
2237258806
2350460184
4277172998
325224420
376829327
502042966
3354347642
3928986155
4019021555
1843382443
4030518796
4230552395
2899332212
2843538821
2237790331
2373486261
2284817697
3010654320
482870004
3415343518
1613702871
4156742756
1159950073
3704704334
382240414
427432739
383958326
3602860880
675325704
4123707376
1592620869
3338268936
4008151870
2232456950
1634217811
612409711
2167222292
4200405618
455529413
1933279956
185561944
1501542175
2527166108
622405785
105243995
2791790144
2056181245
1082709234
96541655
3024709891
1175257146
3435717312
627429797
3948730997
4016239364
3413055637
2764302480
2419880079
3826122867
69419907
1683933739
3488224605
1329883182
990942634
4278256972
546274011
1496142857
1977295057
1514367731
2354758752
1642521808
2386359567
2778379616
316050144
1948168419
2887335380
733360563
841861676
3199734029
3410877050
1930762543
3971781132
616574763
2360465429
2880423279
2860061325
1869760156
3237147300
1263914514
1372847011
897072472
3268063484
2131747142
1351781620
1838530541
731960352
1154043468
3190973456
620489894
3949026748
3347665806
85802673
2385003691
2738176065
4014200294
1495075952
684099617
837646914
3452428528
2239873714
4210804552
704968155
339185523
3143828730
2442704836
2057368078
3349174094
4110363544
1367430241
1933124635
1238403238
2582412772
947791280
3278343218
1074924633
2182633111
348048915
3528116302
2469787588
4172459291
2324696858
1156656961
1505478572
4181534849
290128560
3864770725
2917611747
1344891745
1497990224
972375735
915093904
2599588357
2656604289
2601399523
2887322679
3802729076
1865809207
1566880838
1839798092
1982536832
401911260
3142504610
1571142273
1199207599
1156615224
1946779977
4278803753
1054404813
3638340244
1803657691
1944132521
2208399148
4083378189
2386613107
2589303525
1145315860
2969038996
703547564
3702627618
1255453498
3412942120
1562679698
4053066329
3429661426
3056565350
3622384525
4218996582
2162834070
2786273192
348698427
1760945992
2021188572
1942954477
1467561020
1934204231
390153676
2059706951
2275642769
886638343
2259878885
2178446174
1934518184
4084296885
2706443230
2374134080
2203847318
2515343994
858385501
3513137553
1976045779
2372736260
3716068791
881601332
4056935427
3372945033
1027127645
3995169808
2060942190
3007998765
1690177092
3903981751
303741923
3372504197
3482047613
1390976353
2906661009
2860306463
2681174181
4193336327
2760942355
2133016886
3437426830
312230058
1094217019
733399785
2566508711
3635049920
941750141
4132754133
2158090121
560000559
3969625271
2279163836
3056468813
2523342092
3271393971
1350842484
4254644803
3095168147
2243682965
4194479298
3859767806
1593666737
2397467033
136188551
857178535
893929287
1427070956
3097634068
1072554979
346944371
2266156791
1650165972
2891208493
3791650296
3422520759
1893652469
1424234197
2201146975
1039900056
4250412245
234444337
2304471550
897132883
1922712181
1217175658
3617528550
2134057324
2712294537
789936159
4153274603
471026907
1114122494
2483357492
3705887573
2694059676
257150430
956179068
598256207
2263393533
2079489672
475692701
1929594238
2522572170
3900082273
2390082888
3947459409
3979632616
2432237473
1189365788
2367323932
1371313734
1023573783
3091095542
721950208
2899605183
1312642964
3076719492
1513813174
770020760
3378777698
521154817
848793746
485875704
3589263658
2937321468
566147874
1489773352
2512899211
4181339125
1539343646
2532061828
2851029420
295793420
420968228
4087359669
2572407581
320366508
3626672894
1031542380
3774426871
680132254
3317212866
2314686923
492518296
2329518728
115122895
2715713040
2918053701
1884689811
4210718343
3469994455
1192516589
3018763151
3499010528
3025782524
1157260172
3125600165
1251307734
548440834
753142979
1841056035
527250927
1313957269
3850749979
1071832095
866762913
2264780093
979707559
3252677326
1804122824
3427049780
1930299694
4090803714
2574776088
3620444363
708722443
3708427891
1812271497
616440696
2340082742
2783902120
372419509
3322090361
1439044431
2355321272
4236762591
3858202106
1984011072
1411243654
3010216264
1261481484
2430986281
3480978701
1420325443
3228542303
4066549931
3973625440
3978818372
63940912
2312647403
2879542873
2092164488
3814287808
2584012491
1082104215
3992629847
3628336365
3696443245
527229091
838416941
2198986138
3442247964
4123627556
677259785
909679596
532739785
3590387717
3416442921
1462413658
4205764749
4120228286
418698112
1979417356
766288537
2084676996
203823677
1333386376
522400719
2357781160
896745732
2995181178
819403173
140768716
356022093
2691510737
2978918055
4112651552
7977573
903879217
382746767
871631203
1644113512
4108019985
3368177987
3914634121
1255989623
745355367
907034005
3068215139
1622960946
1328304732
3045080686
4048143622
531786479
2259770150
2123385722
757430509
481007699
4103499287
2533989564
291303718
2677776095
993067515
929005100
912483458
3314605530
464905781
59404074
1268114129
3639595862
532505766
2732897086
3869671599
343203380
1274769233
2082411419
3058713855
257021857
4232111124
1436544479
3338317727
3433889122
2033454991
550099264
3041224062
3699619722
638994187
2602558512
453698408
1236096216
1994343518
2804570331
973028312
3189943042
3169319463
459191537
3310371504
4135699210
802413381
1189725877
4163736849
530142970
1085255834
66853912
3436342489
1049403263
767477071
2815778689
2855184310
2433158104
673842715
1259316771
4261622565
2898315746
693115585
2842276474
174940253
1529539673
977050529
3412650911
2536150450
3462365410
1122182521
2663023590
3642376769
2042286640
1148319826
2935734818
1598760562
3874154320
3604323968
1805998285
1431664014
2891235200
4200395578
3319314525
1639167060
1797906854
3620602956
3902481912
2177108366
1797567247
2052135156
2880042257
2768368522
150946457
3126475097
2295190494
3663285625
2892956291
705000646
1749136662
1255340811
3935006950
3027556262
3372032521
2987591264
4217278245
3851586154
3455023966
336411706
4040343230
2558957385
2884797904
3390649379
3342189533
3841280190
2879335430
1974041962
1786808142
3614975763
1716510384
2397226849
1468070910
4237038031
1672803915
2541949259
3978113302
3029112869
1917097219
348000216
3941270912
2935940743
2201889843
3458152145
2841442774
1098622785
2268029839
19810346
2747403783
480376342
851619610
491209599
3195063735
4203620930
149173801
167478678
531280888
4187566853
2166799888
902075529
645661821
508626574
676379750
3132770383
2189058466
1517176453
3654431717
1459147905
3342813054
4169516734
747005062
1199646362
2013482798
471824812
2626347543
1856707723
248541528
994596320
744596057
4277790064
1888587834
1363788160
4274093470
160661261
3716802612
783532720
262408187
1496778707
1881169564
3609800571
1482353081
3261737856
1078449997
3876423698
2851641336
4096603290
2096508280
925126726
2970174550
111361837
3302124523
2848355349
2536994389
41886769
597829952
2305560627
1903302800
2050367128
171928039
4164061504
2275871580
1093714498
192199156
629087423
2893661611
4183568575
3382856629
1828897610
2773260954
829996884
260756745
3798698792
2314724114
2694655114
2181661538
4284982842
1309153609
1031760614
2905971068
816919821
3087928301
92270867
2818476113
3712373456
2552716971
3524537836
3425674790
3116303983
1254607584
2377554489
3524066275
621934703
3065559032
986529133
1641555576
14645907
1691849338
2720313422
3661346355
31365729
325876473
633570993
3043903535
3238298856
3250437282
3288270517
1677373138
325156467
2684745914
2106436168
1884462200
3834588375
4196569872
747421840
843391264
2626005443
364185775
949632049
4294792893
1877647304
1092457592
4191988099
4109480179
