3246876
4359344
5288490
10953366
11513221
21692066
24565791
24712389
27859963
29829261
29848706
30456037
34516475
35536923
39790984
44027815
51145897
52698292
59866625
60210724
63413105
63663184
66102668
68942345
71622321
79248321
85041343
85198855
94986835
96301913
97379422
101691172
103903980
104127950
105845470
109526179
112665620
112783788
120781632
128424173
132305991
134366579
134481240
138401459
152616386
155827739
156594323
156906887
157789221
158790659
167182550
168232070
168236798
171984827
176467679
180497406
180508235
180905224
189746710
191772734
201376447
207434871
208611219
210501597
212490366
215400297
228515793
229538407
232527220
239126241
242736985
253593117
253965154
254506061
256020657
256747844
264257808
265964053
268012896
268980937
272143656
273921556
274565854
275420698
277122713
277640073
283796863
287606472
288507570
290357902
297178227
297417687
298136704
301166017
304961353
305600606
311288765
311565150
312734525
316264198
323062659
323265297
327738269
330387751
331035602
333417983
341145268
343462680
345997625
346194610
361415570
363466045
366512131
370768436
371841029
382712614
387094797
388159858
393558242
393699506
403081997
403385503
405448473
406191217
411500020
412528293
413459892
418083215
419132148
420780450
423253580
425552149
432635736
439444886
445531442
448507799
449968171
451449140
452056228
453045231
453941555
461425212
464778692
468627210
475100259
475492600
475916654
476279610
478200340
478441185
482664927
483094221
484954795
490091674
495072846
495814283
498589397
503551549
515436612
515910952
521389489
522492143
530683599
532848021
536376890
536540391
550603278
551273067
557557400
562952055
574040981
576624012
578934605
588730301
589533459
595239566
603039792
611560453
613560405
615642594
615797166
621590443
623770008
625053860
636624668
638924086
639029382
639092236
640010180
646087382
654335842
655680160
655924255
656399404
663610213
668819231
671128898
673078646
677790349
678962830
685104005
690243495
700613537
700888791
704145894
706426858
707151310
708548180
718101865
724614633
725375992
727584918
730383733
733788258
734639105
736764456
737413189
738117797
738887461
739471263
741307116
742981663
745062697
753824677
761249744
762012430
764854585
768981180
770490536
778357639
790202147
794338300
799257781
800882359
801196705
807200259
808476764
810026532
813863774
815236702
831356967
832018522
834408393
837934703
842995577
844573616
848647348
855189388
856728262
858390471
858612835
860917002
863868961
876519114
876978293
880446292
883339616
884708514
886384370
888939254
892239593
893394625
896387640
899029461
903385167
904738077
907129547
908190439
908827079
910977524
912273289
913336703
913473162
916340136
918452732
920091348
924137816
925524204
925547396
926604047
926821063
928468728
930263835
931474305
931821946
937860520
939842944
944843143
949239320
949728243
952012962
966415992
967564861
970780079
982500482
987064661
990553120
992079117
992997841
993713699
996023713
1002585038
1004854274
1008031060
1010121903
1013864816
1017569052
1022645995
1022685167
1033226352
1035060687
1037334996
1041024364
1042038861
1042559239
1042908936
1045890277
1047620256
1049007602
1055536967
1055604042
1057079340
1057472334
1061224801
1066606035
1068198920
1071508158
1073251504
1076824300
1076858927
1089234158
1089650964
1094220234
1095026538
1103516434
1107163914
1121087732
1127400531
1128733534
1134858343
1140894588
1141473299
1144244865
1155312825
1157640475
1158884695
1159367298
1160510754
1166294681
1167046496
1168375436
1171375974
1176322670
1177058017
1183123244
1186327539
1186383343
1186864434
1188999819
1197275271
1201558770
1201906308
1210913101
1212720877
1215158525
1225364549
1231303029
1239495411
1240675136
1241016327
1241405148
1242615348
1242721017
1244312796
1246514328
1246592945
1247501962
1252386623
1266413504
1268864050
1272521179
1277260275
1279285972
1280244286
1281964184
1282124915
1285465507
1287205497
1290966403
1294325243
1296485997
1296488612
1296981999
1297535096
1308270008
1309901705
1314090613
1314452231
1317903598
1319889722
1320270091
1321803385
1322417687
1328210986
1339525582
1342173094
1345184053
1346804770
1357887685
1359163874
1363376407
1366352864
1374095348
1377598852
1379295693
1383497036
1386686508
1387001184
1387408903
1391458594
1394806624
1396196018
1399136454
1405998105
1410252658
1410690869
1414425886
1414581142
1419601537
1423408724
1425380765
1427111335
1428744770
1431027400
1432126297
1432536080
1436506201
1438440551
1442580869
1444313980
1451160388
1454628216
1455950404
1460543439
1460985692
1463039356
1464290392
1465624579
1466063740
1467538896
1469331265
1470979317
1473415672
1476696523
1477826389
1481944625
1493154495
1493621453
1495314557
1498335178
1502891347
1506471247
1511865379
1512378205
1514482073
1521152002
1521815360
1528560318
1530879731
1535754507
1537025911
1539919764
1542688289
1546467644
1546820313
1547864284
1566536260
1572485656
1579009404
1581414849
1581545800
1587935549
1593542812
1596261691
1598037603
1599419417
1603916667
1623259732
1627224492
1627651212
1627696834
1632846750
1635582494
1637582993
1646315487
1652139754
1652376317
1670357445
1677245028
1681292106
1684591183
1685256614
1685526947
1686879587
1687130038
1694673090
1699320254
1699369718
1701491694
1701911916
1709228368
1715224992
1717919023
1718849807
1720242769
1722394419
1731557529
1734554153
1744463271
1744954501
1746017084
1750605068
1751332779
1752795078
1758367484
1762617599
1768007436
1770816545
1770823784
1771219590
1778265513
1779118798
1790781089
1796508153
1802789183
1806429706
1809653259
1816452918
1816980994
1819009609
1819770463
1821624813
1827884081
1829201085
1852471138
1859765852
1861862312
1864463054
1875794155
1887108330
1891054475
1892642659
1897303302
1899725335
1899865115
1900973922
1902202669
1906853926
1907360082
1907476636
1910448217
1911921734
1913788501
1914261785
1921636234
1923684683
1924678015
1930409569
1932639270
1934718677
1940418556
1943073884
1944248780
1945863648
1951878332
1955315725
1955541906
1960377430
1960805772
1964114116
1972902727
1972999636
1976251738
1983349964
1983473027
1985495405
1986420415
1991224237
2000540897
2003576806
2004324696
2004406826
2004719050
2007229018
2015095667
2025889836
2027721452
2028125639
2028397960
2031787047
2032831199
2063220352
2064860890
2064918968
2066851495
2069762343
2074747960
2076363958
2078085382
2079432541
2081491684
2082149857
2084326026
2086411224
2091902428
2092099543
2093280621
2096387581
2098617944
2100366187
2102191486
2102765037
2106284812
2109226747
2111361817
2111825899
2118999665
2124097084
2131888525
2132035721
2132255852
2135402242
2139930504
