996444
15774976
35610976
48457258
74458632
90434675
90968293
96432820
118222021
122967493
149608903
157879151
161749733
169451270
169821154
173809396
180714112
182181421
188406835
194516447
203695986
203988653
205152558
221345139
221895036
222545307
228351375
234064010
239948571
242920969
243742641
244411829
251231662
251898953
254429164
268713768
274930333
278026484
281913789
288343748
292935230
298822889
299328961
308667862
328191911
337864709
339930165
342224425
349528181
353917620
361911122
372485708
372645348
383141909
385280748
397071752
418968449
421677724
426471038
431357748
436383468
438554799
452371539
465825981
498442096
503146985
509493580
510072599
527066718
530535628
567550884
587015441
602652289
605665870
613541618
619978354
621827137
625285104
632891976
641847112
649248289
651332676
651751900
653181572
659638341
663021402
684170130
687281719
689653049
693020352
704688518
710060187
712405586
714122411
731195131
741549616
743132639
747618036
757307187
805465540
807411911
811351408
817634365
822648278
830335974
845117222
846840450
849438459
850355016
862210767
886437378
891158674
907565191
920331661
937954906
940923941
951796026
958734707
960680922
962950914
970990696
974233357
996802032
1002802295
1017722112
1017913614
1020068836
1050691033
1059679737
1072549449
1072948969
1080431583
1083745076
1087770431
1104377734
1114279784
1115685374
1120988336
1126830777
1128938808
1132400062
1136001814
1137383415
1138448934
1149913008
1168862253
1198666496
1212227668
1214807781
1234782224
1236134072
1250585513
1263014667
1265408936
1289654558
1294365349
1306967561
1324675558
1335152720
1355127811
1378780967
1383066439
1394058920
1406835740
1416256190
1416993036
1434390657
1441014429
1451234316
1452048573
1461878512
1465135321
1480008792
1499088133
1500968467
1505694542
1507952512
1538771618
1542354797
1575987545
1576069111
1578926181
1607283843
1607945253
1629126222
1633464984
1643067197
1645776364
1658875251
1678791152
1680218544
1693231157
1698383204
1705199564
1714894536
1721003675
1723442393
1730737995
1746986428
1751582309
1754176291
1754411277
1754780735
1764005691
1783604531
1788010783
1790181355
1796229048
1801834980
1806918974
1809941116
1812199896
1813618437
1824760710
1835209330
1842624188
1844757026
1848256857
1858416566
1862901652
1887661621
1895752608
1900725474
1902133689
1917791722
1920153821
1920249793
1929824672
1931242602
1938908715
1941570163
1948004735
1950360117
1961010610
1970670734
1972541600
1982844218
1995319312
2008603934
2010405525
2022692227
2028104859
2033783816
2035847677
2043375461
2045715643
2050219813
2063494540
2077308694
2080351054
2111637165
2111749681
2116314546
2130122818
2130193775
2131669715
2132282233
2138889345
2139875193
2143619471
2146345429
