6206149
20086112
23277877
25643940
30258435
31501407
31693081
33743951
44705268
46983730
47512798
54674062
56864863
58163396
66397443
69928177
70754762
77371339
79232696
87347509
91607952
91709011
97192316
99024678
117041671
117610079
118953794
124271984
127966334
130073250
130388763
135471369
138892517
144133599
146066236
147558213
151365882
160314416
164015813
165843543
171538924
172807303
176677547
182892311
185196882
185712082
189316029
189357661
190089577
195867712
196383164
198414403
205330805
206176987
206886193
209013065
213007836
216718464
218212587
219660166
219997198
226910165
226945694
231304434
231715188
232737454
232983968
236175814
240253978
241785885
247273742
251619018
258790334
264710235
269395413
272089228
279664154
281166769
287253406
292905686
292967800
300004450
307457501
309795056
310553627
315217530
319544337
324488279
330754837
346936346
353667924
354257846
359291205
365710151
376837057
377587543
377590521
387395476
389440235
391364880
394219059
403275019
407441295
409078606
409933971
412453170
413140024
434674705
435582998
436344480
437260229
439192345
440450262
447788091
449406384
449720886
454808714
455922051
463017028
463393393
466696603
468955012
471939428
474206989
474253040
478590010
486362985
492139954
492541018
493790213
499995319
503154030
509545323
509850635
510326319
515573802
523362865
529628360
530453309
530689695
535330338
540451071
548722408
550003033
557519608
560344773
560356599
565362519
570744067
572029068
573117148
574347644
580064666
581464575
584246358
590768819
607974145
609621355
630174914
645488588
645528322
646185965
647081355
652763580
653111331
658074070
660896169
662565062
662790079
673539435
683573109
689573786
693071062
695064785
695820893
696391069
697099794
700181313
702564335
703550423
713057703
713185504
719610704
725784489
727783117
733749367
741671942
742087896
746087871
748121082
751453343
754066344
756335883
763076475
763554055
766268542
768979664
769955098
770908687
771066829
775876579
780031975
783908923
784109463
787384803
789683533
794834355
803940922
811741727
813040961
813475164
814621197
818617593
820666397
822146538
832254994
834332407
834738614
838050825
850656225
854674498
854931420
861611802
864249232
867739546
873370275
878620523
879118815
881153075
883558880
886729036
890034731
897465735
897994379
906201705
910720632
914582107
921179957
921849119
924368690
937495526
942528701
952432958
954699264
958165340
961482985
962284515
977376301
982528163
983321596
993246827
993325468
998361121
1006608150
1007108769
1009658497
1013549504
1019462692
1021559479
1022166747
1023301989
1023799494
1025705621
1032910481
1035276822
1043419788
1047422542
1047815178
1048919485
1052747963
1060578159
1063811953
1065496314
1068669822
1069377016
1072483958
1078338901
1080631826
1083201194
1086408719
1096985616
1100361760
1100843845
1109322648
1110901508
1116741211
1125658489
1125738675
1126682839
1131538590
1135118741
1135403925
1137432516
1137997501
1146624745
1149009854
1149812000
1152137152
1152852931
1153818021
1162081055
1171631670
1172507884
1174595342
1174779947
1175203982
1183535772
1187217035
1199033916
1208186774
1209538760
1211285708
1212129693
1216415902
1216656305
1219989734
1221962891
1225962747
1233779159
1242456658
1245258181
1246468760
1251396574
1257105670
1258450779
1263085062
1277321109
1290019182
1290484291
1294856995
1297741995
1305828832
1306070516
1307069367
1321167989
1321357449
1322450653
1325906619
1331821103
1332291556
1334355513
1335371049
1339228637
1344370181
1347243541
1355520875
1358536865
1360138944
1364467767
1367544158
1368659207
1371400492
1377516130
1377774734
1378168829
1378985429
1385609280
1393757070
1396470117
1401266638
1405130154
1407151402
1407765818
1408206707
1412337688
1414264748
1418017910
1426391676
1426502233
1428307743
1429892364
1434756151
1436475454
1444479935
1445851891
1448347168
1448748974
1450602034
1451201541
1453806798
1457110084
1458686802
1461983002
1469556016
1471896521
1477904604
1483476116
1485966613
1486776263
1489069889
1490220429
1495866261
1496100500
1496455802
1503334974
1504635122
1509956023
1510162815
1511262758
1513164434
1513668855
1514405081
1516058471
1517350189
1520358913
1522629971
1523140978
1527460738
1527583954
1529198566
1529706232
1536450687
1540688907
1541187880
1542049275
1554606611
1557846313
1559146822
1559833676
1562710138
1562726458
1564367891
1566232698
1571674273
1574637619
1577499082
1579635230
1605140144
1609456574
1615903743
1618033065
1621226446
1626334393
1626861582
1629837393
1636091586
1638701365
1643955407
1644337715
1645433325
1650141707
1651343971
1653893720
1656392058
1657469310
1661729449
1662979749
1663520402
1672593315
1674289276
1676996955
1677107497
1678591717
1682779444
1683888825
1693482245
1694339483
1710657558
1727201946
1734625226
1734758442
1742142645
1751218224
1756327776
1757922431
1758953490
1764345459
1770778218
1778001837
1784025876
1787808823
1788710981
1791832719
1792483507
1793034364
1793393593
1799612211
1799709145
1803097922
1812615315
1815210093
1825101548
1827058097
1827896489
1831723967
1835335548
1835596841
1847519118
1849011267
1850116406
1850250460
1852512112
1852727558
1854194524
1855487294
1855910172
1860979245
1861228656
1864314373
1865537995
1869427553
1888652480
1892607288
1903218343
1907512930
1908465370
1909446784
1912386526
1912403036
1913392709
1917493335
1918716642
1919917424
1922956781
1925168901
1932590569
1933175854
1940361854
1943018536
1943499390
1946932584
1951342427
1952313623
1953110536
1955543562
1958133643
1962561198
1965172612
1967642937
1972192403
1977695974
1979770951
1979877450
1982063383
1982736286
1988492652
1991519704
1993701629
1994107162
1994132969
1997176364
1999571395
2004514531
2010147611
2012444579
2014933274
2020587230
2021376683
2025429123
2028338652
2029183342
2030100606
2032864353
2040563849
2040630446
2041323445
2042708076
2045236870
2048145188
2049219224
2059797634
2068003085
2078809051
2079974744
2093905025
2101047834
2104834730
2109754456
2110076820
2112776945
2118405571
2123669647
2126287917
2127876302
2134269214
2135117085
2135697088
2135949804
2136371204
2139789150
2145660304
2145816469
