5643255
24794633
29244586
49766444
68319615
83172324
93423942
93962296
102788468
113207045
117514190
136996261
152236880
152422355
163262740
184788257
220524299
220818595
223762571
232925374
235822950
236780639
239669902
244347109
246714918
260747264
299042593
307714991
324113543
326940140
332449151
340226954
345019542
345616032
346704743
353326550
353997125
364236787
364685607
364704670
381020907
395984027
402141909
402578655
411699208
415007384
418029569
421490340
427647740
429954187
430356293
431230996
434345632
450976407
460083077
465681526
504069851
505934845
506875240
514216158
528509845
536941182
558567171
570635913
593835417
603369955
611868392
617270507
648476761
652440165
660240717
675260706
686193676
701252078
702426145
715232201
733622686
736523418
749066516
756800544
757790765
763721422
765853142
769119199
776311911
780127377
782853116
798121739
819910802
834737718
844065935
863462426
875690471
886815970
893129136
904158830
916926459
925429872
930616381
931312335
936969291
958467248
965519518
976454862
979487388
991471774
992059392
1006717604
1021218745
1050789467
1065349057
1072920905
1087563835
1088936730
1101878426
1102106785
1120269221
1128275045
1132572502
1161868524
1173585548
1180920304
1241398578
1247724994
1250704148
1262680056
1266442855
1300318773
1302895221
1305577467
1306242021
1308942346
1310743191
1339090297
1372438950
1380061904
1387562105
1390237306
1416830119
1419770073
1424098877
1443571459
1444040936
1453991557
1468707360
1476015976
1486621180
1510041232
1510855488
1524672887
1525681743
1531832603
1540430591
1577010961
1579381461
1597959346
1602815652
1614354361
1615413365
1618170349
1618923048
1625694801
1633573645
1640502712
1644167130
1657844085
1671623697
1683844280
1687194972
1688513560
1690758101
1717911283
1719404641
1730242515
1739908032
1744390416
1792109713
1802985252
1805191817
1822258535
1822611077
1833041343
1840833006
1842857557
1849475748
1849515217
1860773679
1868712799
1893762501
1898477099
1903812468
1908876616
1910013500
1912072211
1916141320
1924803971
1926167427
1926202894
1943881271
1943885317
1948119264
1965363767
1991845077
2002010934
2009047542
2013093545
2020578962
2020585159
2064344388
2072966414
2080588101
2082231403
2084266868
2091317921
2099861394
2130119700
2138164245
