1329125
2098311
3561751
6792311
7157303
9805779
11612081
12030766
12248245
13619225
19412532
19955215
23985589
25325089
27149790
33173916
34796992
35029286
47156290
47847029
48562340
51368802
51989605
54782939
59987228
62966206
64949450
65927906
68161565
70470606
70516198
73524751
77770683
82903135
83443097
84751722
86664499
90875404
92780838
93058719
98312473
98495297
101559548
102844039
103245195
103432059
103842157
105841796
107348215
110860806
111400064
115220221
115870649
125044515
125745617
128911419
130734256
145814281
146087696
148620545
151838392
152562441
152699518
155466623
160402572
162411504
162868817
163341043
163698771
164549993
173797832
174184259
178021809
182128817
185152873
185264171
190289323
190922730
192069645
198453640
199975493
206986742
211432872
215004250
215240119
216190844
219070048
219609401
219827679
221518369
221719655
225343409
225967948
230994044
232568149
233329482
233416982
234466801
235181303
235524476
237043931
238165899
238454767
240636998
241481893
243849329
244913544
245318204
247244872
261814953
265616684
266128133
270890722
273604210
277409487
277860390
281807678
282217775
282614650
282705283
283276335
283799157
284591274
284632259
284998347
288614366
289992299
290319926
294074311
295411144
295424046
297819549
298837278
299765369
305317792
307423842
308234970
310222859
311223803
316231943
317513421
318019188
319943924
321813755
323866160
325007558
327789538
328493705
328923439
329010299
331039040
335758989
336106687
336144781
339337065
347713650
348643016
350582158
353758488
356903702
359433081
361210237
361693096
362521682
364075993
366132297
369358514
370151202
370552283
377169930
378425484
378855296
385526510
389055521
390444332
395651414
399534759
403066304
405110986
405448142
406782292
408462541
415525557
416901867
420663771
422000507
427461305
429885027
431056364
433365735
434338564
438795134
439948928
443314109
448576258
449680684
449783134
451183043
451885346
454605640
456230496
458027662
460687886
462213417
463167488
463720954
465039530
465868939
467287268
467427462
468268262
476164785
476536590
477922513
478666300
479178311
479656178
482013661
485348299
485588132
486369910
486769348
487154722
491560028
493708512
495781470
497315649
497393614
497532904
498515162
499878954
499957258
500885046
505086833
506168061
509927277
520960836
521862493
525165667
528885962
529049623
531047561
535457996
536170190
538476135
539258514
541410706
542923296
543601807
544416462
548226513
562981658
564076075
567101490
570610041
572451184
573660793
574893287
575742584
581462439
584139857
589293626
592008020
593762999
600137190
600619822
602141255
603826820
604223269
604427885
607707742
611527517
611973959
612285589
613260882
614717726
618699180
618753738
619206863
619570405
620795580
620829042
622108964
625337213
626589768
627168176
630475434
631789933
632226776
634162609
636233451
637554997
640340110
641647392
642431287
643572322
647424035
648954479
650933908
651089968
654824395
654830404
655584797
656603826
658895703
659775785
660328177
663658669
667931978
668540186
668767716
671767393
675581584
678613446
680001609
681685660
682985477
691490577
691808404
694144633
708471782
709297495
709687747
710363078
720974759
721460179
724892316
725452903
729886826
733156491
736467356
738142549
739211930
740953221
750110310
751379634
751387108
752607670
754184791
762068659
765669106
773233139
773506273
774576157
776628260
778218215
781129658
782419729
783127336
786036810
790156952
792229506
793299916
794619470
794667952
795285054
796657100
801084556
808575054
810209471
810242649
813270332
814541866
816218584
817050278
822473225
826462905
826533253
826646789
829195068
830707792
830929169
831381311
831731162
834663829
840897256
844489148
846427421
849381806
849709702
852022303
852396173
855690714
863699695
864360223
866890411
869468340
869725940
871657251
871756191
874021608
886082609
888041685
888506443
891382162
892496914
896746400
902969985
903049707
903177888
903976617
904854300
905697083
906260850
908397437
913252966
926295712
926778824
930180515
930466272
931005077
933400560
942006933
949830330
953726299
959160487
960649636
969172605
969456525
969598798
975457663
977100001
977920926
978923909
983138497
984255719
988888620
989053265
990693275
995438130
995512124
995872423
998195855
1002531064
1011367970
1011407221
1014037195
1015656566
1020193436
1021959742
1026363955
1032841986
1039840525
1040263218
1041740260
1045305985
1048115901
1050678142
1056861421
1058804996
1059795307
1061457875
1061609815
1062631093
1063135933
1065448164
1068815655
1068968289
1071645064
1073194418
1073238460
1074675848
1075556092
1075876492
1081126563
1083388457
1086213221
1087939994
1088045460
1089091307
1091754154
1093324188
1095381315
1096203094
1103658743
1104261814
1104535617
1104713524
1106946022
1110749834
1111038816
1112552196
1114572681
1115570106
1116649510
1117775015
1121460701
1126548593
1127564642
1131011392
1132845908
1132927401
1134987641
1138001415
1139239121
1143607454
1144824439
1146606752
1147960049
1148456485
1150190645
1150329726
1151420863
1151881892
1155495562
1158041404
1160523219
1161070699
1163532864
1164981744
1164992464
1167445101
1168412611
1169964336
1173411818
1174834924
1176686194
1177332154
1179075036
1180903990
1186388117
1191781081
1193011135
1203761954
1204200796
1208364152
1211681030
1213504322
1214756658
1215488924
1218560629
1220527461
1220532445
1221808693
1224797520
1225707937
1228432590
1228976035
1234104720
1240143519
1242986804
1246983602
1251077051
1252049438
1253041181
1253145241
1254807379
1257972234
1260473444
1268818504
1268998651
1269737950
1271039442
1272456046
1274029476
1275567170
1276095394
1281126596
1283079564
1283468222
1283479073
1285105679
1285193527
1285997446
1294727447
1295497404
1310699630
1311597797
1312453785
1315376315
1317548938
1317878511
1318327746
1325000325
1329749255
1340337204
1342836826
1343195059
1350084172
1350163754
1352824812
1358775917
1358951518
1360509332
1365857737
1367357485
1367731104
1368035874
1368745631
1371370864
1371629649
1371656732
1372295057
1373590830
1374168358
1376796894
1379934102
1383437324
1384203205
1384971119
1386301461
1389218894
1389309043
1389335125
1389453157
1389670105
1391514890
1395104325
1397342780
1397779632
1399063071
1400954377
1401442949
1402410230
1402536790
1408009984
1414143445
1414281776
1415121070
1421433524
1425164156
1426888880
1434658348
1442938275
1443468890
1444478026
1445788343
1446663925
1446768369
1448454171
1451352574
1453574481
1457953718
1460005442
1461942680
1461981467
1462544752
1464179321
1468012664
1472456413
1472714744
1473755889
1476559857
1479863431
1481128524
1483227142
1494950555
1499978170
1500139365
1503974104
1504250859
1504971047
1505101962
1507234196
1512524594
1517346139
1519943483
1520848348
1521288321
1525330642
1528675103
1529730610
1530276302
1530378167
1533039606
1536555841
1537489718
1538326338
1539790818
1539974609
1542115138
1542305614
1544858922
1545132510
1547496510
1547940165
1553170400
1554186452
1557851304
1559741531
1560004740
1562754342
1564674387
1566352987
1567873905
1569311032
1569464583
1570155775
1577521499
1578260142
1579169131
1579486882
1584069338
1585303659
1589801427
1590972933
1595491621
1596175430
1596377566
1601220025
1601273671
1603084941
1604144240
1604796665
1607843626
1611284977
1612678224
1612681365
1614579423
1616351986
1616524535
1617831286
1618283467
1618882161
1619217237
1619481438
1622046453
1627869575
1629318572
1632882867
1633894822
1635744459
1637166070
1637402745
1642132543
1643572525
1643806809
1649202389
1649298470
1651895194
1651955445
1653746862
1654291978
1654394078
1664103862
1664193288
1665250441
1667647663
1668053913
1669012833
1673843206
1675364745
1676802118
1679639108
1682316654
1687272611
1689557545
1693114440
1693651932
1694191791
1694351563
1697046727
1699964022
1700330326
1703761280
1704723881
1706289770
1709304635
1710037571
1710866808
1711408131
1711964794
1715916712
1717104443
1720265669
1724735422
1725556583
1725943596
1726521181
1730445312
1732654210
1733177243
1734804096
1737076809
1743640819
1746746029
1746771025
1748391579
1750148433
1750217676
1762090481
1762658403
1763102696
1766679238
1767066928
1778798821
1779479654
1779594994
1785687677
1786422184
1787548737
1789077975
1789832814
1790344322
1793901850
1795259123
1795720898
1800368144
1805969051
1806326635
1808223435
1817820700
1818734390
1820126447
1823300887
1824418111
1824746746
1826066840
1826766352
1828388387
1834558309
1836215694
1836399997
1836807325
1845898682
1846687631
1847496831
1848176516
1850140936
1853850677
1858725952
1860397193
1860703051
1861832247
1869028233
1871435409
1871690726
1872774815
1875133440
1878314174
1881845352
1885286296
1885729350
1887423547
1887784597
1888482902
1889144108
1889239109
1889625254
1892058893
1893928838
1899615632
1900207745
1903338197
1904831375
1906328788
1907613269
1909553538
1909606285
1912095118
1912333974
1913695137
1914474481
1914816547
1916227626
1925080884
1926232324
1927785714
1937228087
1937433141
1939811746
1947549867
1950947193
1952534966
1953859506
1956628708
1964601260
1967456417
1968757006
1970817538
1971544844
1974733862
1974781479
1976069118
1977955819
1981064055
1981292647
1982802884
1984156968
1986224242
1991105361
1994899677
1995217659
1995700079
1996743167
2000305752
2001737728
2002743060
2003415638
2004149641
2006295030
2007237675
2010543780
2010563683
2010705305
2010922455
2016313741
2016915113
2018978517
2025297604
2025801927
2026344348
2028714233
2029221301
2034705635
2042452717
2042868821
2043217761
2043829150
2045543687
2048755227
2049963421
2050093396
2050648964
2051068395
2053340113
2055624664
2058859577
2058862692
2061142585
2064728000
2067166148
2072406271
2073418520
2079584013
2081970145
2083721275
2086925397
2087105948
2090015106
2090885952
2091831547
2094620966
2097679407
2101017221
2104069791
2107371993
2109910703
2111781663
2115386395
2116105243
2117383023
2124443699
2127449824
2135663902
2136016087
2136256343
2137456473
2138772011
2138827147
2144177802
2144292003
2144525076
2145329745
2145356541
2145777432
2146359975
