436477
13907484
15643990
16996170
18068842
29741309
30844315
36234292
51122676
60804325
67274915
70855872
72271354
74978016
75737990
79116343
87193988
97473407
107209873
113004721
124673355
132154253
133630334
135494105
149048381
157752779
170244412
189922603
193651482
194783955
203178172
210419481
211139152
243699920
260529421
267564485
268115927
271753627
273368865
286576827
286644463
291091516
296116470
307098920
310033047
313384965
313852847
323901359
339489987
352224578
360362715
363298748
365012139
383194664
388261709
395219581
406457428
409024644
410620879
416023855
425443872
440827830
442493845
461724264
463064902
470937731
478542611
479899917
484009963
492241104
498557983
514501024
541385813
542943758
543935310
551292930
567289224
569094931
576635536
585128818
604694114
631528348
639215373
642070062
645524069
652701776
654754726
660574947
661018729
666696811
670853565
671419521
680842498
688761128
690027098
698500059
709069852
711112234
723384116
723840209
727124821
779454632
795740068
797055413
803262652
809766030
825790427
826643868
831534790
834929454
836183196
840827496
849471384
850084107
851086555
852278165
864159345
872296140
885440530
907110805
913065840
919686072
921827096
933244559
942531846
943148347
943924933
944637172
944645142
949435010
953211237
954037134
980083487
980376758
988528897
996594181
1002059764
1004937124
1008184803
1009959655
1011315533
1027705096
1033452496
1037606856
1038750627
1045387251
1048548011
1049113054
1058231679
1059799213
1059851024
1060410511
1071350205
1093688840
1099015119
1101712216
1112399561
1113265226
1123013883
1127222535
1135237433
1143818982
1144525700
1147120760
1147706841
1154985223
1158825657
1162365118
1172178173
1174440637
1181679861
1189998305
1200774929
1222897496
1226980760
1231167719
1237380797
1239502179
1250989343
1264577474
1268110073
1272271593
1283241929
1286957870
1294486944
1299124317
1307626440
1307995544
1309419577
1314344440
1317499099
1326631422
1335090233
1348920882
1349887989
1386357023
1396402642
1401142406
1409680342
1416481220
1418726738
1440106752
1441176839
1449347460
1455442164
1467128608
1472460784
1473720339
1490140440
1512401595
1516042761
1523515513
1524286997
1533638235
1562581899
1570726588
1576402332
1580608826
1580699351
1594561556
1598884273
1600082260
1602117079
1602144921
1618020435
1627887232
1641454845
1643966491
1652188118
1655764289
1656045985
1669491889
1675865602
1678194814
1679604166
1687126778
1699616407
1729573119
1733247590
1733273355
1748443196
1752440944
1755789449
1757855515
1757856588
1776844902
1789268172
1796966662
1804541565
1807998398
1812052445
1813894834
1817467501
1832747854
1839461323
1840665224
1842253233
1842743021
1845555757
1851280966
1862706450
1864688570
1866462289
1874225931
1875438292
1877589782
1878501456
1883170191
1892370141
1902909623
1911505069
1913899736
1927852053
1934834865
1941056714
1950238176
1957657766
1958270283
1959243562
1983801005
1984933058
1988766365
1996438685
2008246460
2010485314
2011345887
2011983726
2022848452
2028378639
2030882748
2058712928
2060212683
2060728026
2072539860
2076237829
2091770594
2098948998
2099200675
2110450000
2111593135
2115458662
2136304770
2140889099
2141208030
2141314213
