286780
655344
2655914
13442239
13871408
24833881
30178275
34815309
42942723
50006679
55305951
56393089
61579674
64590712
65682857
67300662
68843747
70554569
92538492
93721014
110819021
112543650
113357305
116299863
128526289
135173634
137146477
137294128
139794778
142279681
143689718
145400327
154587720
154809895
156080314
160842420
164622890
179374987
180256873
180874788
190429357
191079123
198147547
199037016
201402031
205369630
211235897
211526533
214761717
225496135
225929149
228095827
237201803
247717459
250517077
252334963
253065508
253798364
259151051
274670129
277869032
287369342
297231506
301253954
302130295
308456225
316171379
320333706
320962438
328353536
329512768
330097978
346331220
351107196
356205265
358699678
368648910
386580986
399259190
400843807
401215502
403218587
406110480
411567382
419297510
420904606
429734738
442226401
445329203
446685268
450735774
458683159
462338735
470676206
471319058
483659940
483849805
492645966
493022339
495761897
497323568
501317847
508989636
510565513
515234122
519162793
530970179
540249856
541404973
542691952
543336589
544666344
546011095
548588081
557913404
567054823
568753241
570606081
577643652
577870544
578813407
580932441
581642532
586488690
600771479
603380686
605122757
610751231
612898641
614145154
617142608
617629131
628060360
630105372
630322151
630595332
635244851
637635325
648272412
649548637
651607093
651831427
655266486
659565193
666274279
667210700
670236750
671088905
677906817
684502217
697746347
700221202
709399551
723802498
733052595
736500538
739571328
743586301
747601136
761659746
764540421
770445289
773097817
789680581
801574167
801871352
803531111
818658047
844459135
847804228
856793832
864102556
865812233
867016788
870432538
874719396
877983238
886563176
891111627
891699766
891891888
894282570
894563761
899899349
903252572
905300551
909137446
913984755
915293447
916939857
919167791
929147420
931795828
948288605
954196179
959758123
968665881
971194846
973778794
980230286
985690830
988431612
990168067
991481281
991555164
991925701
995216066
1017078352
1025615015
1027801702
1029482563
1040559095
1041516623
1051051330
1055696671
1068638531
1070227872
1074550033
1078711825
1086033495
1086193014
1093437042
1095855954
1112722222
1115242633
1118227730
1118483440
1121999620
1126078858
1154023527
1160814212
1164186580
1164437485
1169725681
1169842521
1181330304
1189901177
1190494748
1197478150
1200111525
1201899998
1205249347
1205580716
1214973772
1229520955
1233673479
1237729845
1242227721
1246944016
1247980965
1250464921
1252462449
1254850270
1258564560
1272083465
1290734166
1297950875
1299407988
1306754609
1306760533
1306765915
1311493518
1315246093
1317439513
1320289405
1327319365
1329195687
1333036846
1350540899
1352512629
1356287177
1357648116
1362981587
1368950968
1373225864
1375760369
1380784933
1388432365
1395577559
1399282763
1412952817
1414842434
1419409122
1426721613
1428421842
1430941265
1432883372
1433013233
1446196642
1451610596
1452674473
1452780806
1455949097
1456373228
1459579197
1470920910
1471720917
1474612628
1476744388
1482599403
1494540410
1502372774
1506628257
1522609494
1528453855
1540414416
1547492262
1548919776
1548967653
1551961419
1563901011
1564156033
1565746042
1566509046
1584165180
1585609428
1585813164
1588463901
1590968980
1599243872
1600526187
1602502437
1606257140
1608643286
1612696937
1612897428
1613989828
1626529409
1629323215
1640726767
1641551553
1641863707
1642918028
1652912143
1656422701
1664097257
1665246668
1671398547
1671904394
1673132428
1675565704
1685223004
1685921005
1686908882
1690847417
1694422221
1694782188
1698956348
1700580191
1709227863
1713284263
1721998229
1730475162
1738294151
1740416223
1740984344
1744912784
1750090019
1757410885
1758291705
1759598352
1769037515
1769059534
1775560709
1779442682
1781458079
1781971914
1793900025
1800697625
1802772862
1810832071
1811790426
1813579324
1817829854
1823517391
1825193464
1841021229
1841146696
1855246690
1864137753
1870120100
1870497340
1872530637
1873058246
1879689490
1889300557
1890143169
1894405750
1898237933
1900036724
1905298599
1932179409
1932481752
1934087124
1934134602
1951960768
1955921195
1957401485
1957985086
1958321829
1967133442
1969663642
1974408515
1974484958
1981829049
1983723337
1986205013
1988007647
1988086963
1988114369
1991281580
1996449657
1997045415
1997176690
1999788549
2003661081
2006322935
2011697549
2012293883
2015627894
2022331433
2024218544
2028876498
2034317106
2035781742
2040558587
2041405891
2042134680
2044521239
2054677034
2056020238
2059367831
2062287615
2067709939
2067901035
2074859465
2077127442
2083748628
2084638754
2087712502
2090937620
2098806690
2101021057
2101556123
2102535071
2111321229
2118157211
2129413350
2137002692
2143390799
2144030568
2144867973
