1733552
6886177
8310517
8829621
8973144
9193662
10846368
13231865
22453922
28179306
29004873
29418681
32550324
35217411
36642925
40777094
42062356
42087632
42732754
49612372
56124945
58376937
59197464
65423014
65785660
68742745
68959270
74586645
75009469
76485477
77066199
78262306
78341495
81446051
85327163
86320264
90626885
103149573
107016784
108290996
117471823
118938006
119707953
121508145
122771346
124434083
124847538
125652558
127261869
128059209
130677037
133749483
134598986
136520119
137099794
139203861
140282429
142809793
144577258
145257586
151379380
152004036
154245025
155305512
157292639
160463292
165725080
165891900
167104351
168299886
169847786
170303191
172308737
176125940
177493497
177825199
180046883
180048670
180570467
189694646
190717903
191605384
192148353
194055693
198682005
200617510
202933387
210313825
212653242
216106248
217000804
218648007
219112389
220155354
221447698
224866312
225556600
225667995
228091831
233731420
236417952
238381540
241624545
247358213
248535601
251478719
252002711
252558141
256198924
262420770
263287240
264176737
266766048
267068011
271103160
273589044
282592283
282623817
284368891
288086977
289702921
293680892
298309516
303814052
305856970
308491759
311487118
311564965
312017411
313002339
313642968
316975953
318195633
318455707
320112522
322913817
326927293
331158901
332355544
337572565
339510442
340411813
341624297
342737262
343045447
345437915
345865309
347668073
348206942
350874526
356590679
359034324
359046364
365278165
367402263
369285795
373849424
375753203
381043703
381821372
382354404
384605971
386412055
387566831
388460694
391058200
391567805
394108948
398826666
399336625
401193907
402057986
402439753
402768311
405659398
410958233
417548781
417956727
420257774
420911733
423645437
424365227
424639780
427478620
428672752
430262600
430269431
430868940
431223606
431657857
432065403
433514812
436455948
439880996
441616160
449464150
450218163
450818582
452406972
458099703
460217666
462451042
463932234
470532206
474221365
474249730
479351424
487726776
490688101
491080283
493470926
496961842
496964766
498601503
500604733
504185203
504592345
507117051
515459072
517756925
522674717
523233077
526117429
529872150
531195739
532294778
532572201
538177332
539770890
540326091
540805705
545018761
552022051
553026309
553456926
554450166
554728343
554922343
555393683
557162895
559525216
560796120
562072949
565330640
565720528
566238481
568686677
572073179
578747521
581480221
581580976
584085132
584803135
589563791
591317518
593081549
593882208
596450708
597298736
599201706
606678920
607024271
609747201
613506299
623441204
627116635
628009762
631896493
634884307
635245363
635400439
637142135
638901323
638918311
647654618
653474580
659541696
662332878
662911793
665684835
665751656
668139192
668848000
670380208
675469204
678571175
680165842
685622479
691698865
701105664
702459098
704305677
705371217
706689403
709190177
712883371
713299904
718576572
719996552
722076501
724991889
725312402
727064193
727227579
730823547
735119389
735144063
735767009
737695290
741472399
742122667
744082606
745290819
747560391
748196753
749434968
752533642
753613216
753741352
756594227
763176790
770521934
770561410
771553088
776587274
776596885
776642739
777299711
780679353
788846020
788890527
795832805
796888579
797850160
802521576
802552343
802728500
804513498
807576978
808904465
816125596
817300651
817360007
817560582
818176364
822024563
823260428
823548947
824332316
824929827
828190969
829922251
831556649
833153683
833958631
834291959
840483557
841377749
842759332
843936727
845320965
845775617
847022301
847329762
847500627
847706259
850052889
853631220
854606037
860317070
873058688
874313964
879484416
882064823
885883628
885998685
887285630
889717319
889821877
890131163
891210147
892190936
893600056
893775152
894404128
894730007
895928062
897641883
898766736
900860854
905178552
913066675
916366216
916495306
917342632
920962985
921062321
926158561
926743224
928519615
929609351
930075782
932016478
934019040
934650294
936848111
938714780
939890714
944167095
945634807
948760662
948781076
953821301
957820703
960219067
965367453
970798427
971398947
971475399
975734934
975749844
976011572
981627495
985518011
992080971
996121519
1000569848
1004687684
1008146981
1012655810
1012702264
1014017425
1015712865
1016042794
1024506592
1029680796
1030202094
1034242134
1034475475
1036987236
1039542648
1039632140
1044655991
1060046057
1070439819
1075003040
1076912299
1077868220
1083659413
1088488683
1089855069
1092908186
1094757695
1097013973
1100373036
1100885342
1103612253
1104929175
1110868131
1112846303
1113884043
1117989783
1120416325
1121282303
1121483427
1125391158
1133643332
1141513363
1141701572
1143661177
1145550244
1146275487
1149798307
1150119175
1152700905
1154096302
1154951501
1157244771
1157384610
1158096293
1158353894
1160815001
1163064992
1169315832
1173609597
1173836467
1185267635
1191714466
1198304350
1199220834
1199753673
1202230789
1204296435
1206066005
1207548052
1210366720
1213614156
1216388821
1220124787
1220969341
1224370696
1224962462
1226738631
1229563887
1237305261
1240630696
1247862106
1250443207
1250975892
1251579749
1251750130
1256728701
1260007577
1261762592
1262637188
1267625463
1272363479
1274516405
1276952515
1281196494
1282623458
1283036597
1283607738
1284871662
1289667970
1292292305
1299618764
1302828501
1304701413
1305371144
1306782306
1309411777
1311739753
1313678078
1313980279
1317883986
1319947674
1324054989
1324900070
1338119206
1340975821
1342834292
1343296739
1344506277
1345622379
1345714058
1345846702
1347279130
1349830743
1351835815
1353647192
1357368130
1358453877
1361654176
1362105011
1362674336
1363869463
1364674742
1366368994
1367752964
1368114668
1372128938
1381445721
1386600931
1386779844
1392501030
1393904069
1398340014
1399732732
1400371684
1403372691
1404107705
1406639727
1409474535
1409849588
1409960480
1411317169
1411363422
1412662761
1413193568
1416155076
1417558442
1419197765
1420616740
1423404850
1427526007
1429514136
1434351097
1436998805
1437021241
1437564076
1437782710
1439170351
1440029284
1441217092
1444475326
1452997015
1452999862
1454998549
1455069122
1458373023
1463209089
1464537338
1466689769
1466924820
1467380331
1468194854
1468512729
1469451049
1470550440
1479434537
1480792151
1483138793
1490183674
1492084641
1494823161
1514963437
1517450386
1521342663
1522800928
1525113352
1526338385
1529238206
1529409073
1532641864
1539764075
1542378877
1542661673
1543832064
1543894475
1544319914
1548960615
1554390739
1554395551
1556822459
1558045140
1559471761
1569559742
1575428232
1576235927
1584157349
1585109581
1586733504
1587139414
1587144481
1588934268
1590318774
1594534249
1596068069
1599527168
1599607238
1601150799
1615774038
1617000768
1618438166
1623080589
1627154867
1629275702
1638617066
1641629067
1647637254
1651589701
1653505852
1656360001
1656445481
1656638764
1661027850
1661384170
1662094682
1663872526
1664948938
1666039426
1667527910
1671229766
1671443787
1672836662
1673266985
1673827848
1674474870
1674924423
1680719747
1681078375
1682755511
1684000708
1685899513
1689412182
1693423573
1694467574
1700218915
1706767220
1712546001
1712572211
1713679321
1716073724
1718247203
1726674884
1730347866
1731865566
1732503132
1732861153
1737488738
1746777998
1752919361
1753170614
1753881347
1755166029
1757352906
1760763216
1760934199
1761318208
1761918055
1767604013
1768202114
1772227880
1772915895
1777433575
1779389038
1779719819
1783951653
1784166252
1785199781
1787155993
1793689874
1794455380
1794674457
1796661038
1796866958
1797829669
1797909386
1802685420
1804408034
1805151674
1810915918
1813406214
1814354462
1815135699
1815313508
1815525635
1817007941
1817021964
1817800319
1817861876
1818486453
1820358815
1820440559
1821963895
1823007208
1824006207
1824793623
1825513327
1832287662
1832689164
1838439765
1842370055
1843225164
1845622566
1848071916
1848634124
1848909013
1850022955
1857339387
1858307586
1858999351
1864431526
1864882687
1865043248
1868693962
1870178119
1873078267
1874473785
1876342705
1878530902
1880220696
1882028350
1883997546
1884012924
1887935348
1887999402
1888860017
1892414513
1892445553
1892801669
1894109627
1895968852
1897364662
1900331763
1900527092
1901281064
1904544662
1906397667
1910506413
1914688424
1915832175
1919009763
1920620449
1923057823
1929952091
1935181742
1938856646
1940718102
1942225237
1944076397
1945255819
1956225197
1957790883
1960580831
1972195120
1974170401
1977837273
1978480876
1982043386
1984250653
1984980478
1986136348
1989881253
1990650860
1992088300
1992205147
1992744495
1994705578
1997591079
2002294160
2002753939
2007904863
2008336561
2010292730
2012617763
2015876368
2017638852
2027016966
2034040973
2038342009
2039565731
2045401924
2048257568
2052321200
2054538974
2058966226
2059418473
2060360678
2060871846
2065645854
2067403925
2071840369
2078354705
2080199625
2080476219
2081656500
2086207565
2089384695
2090593440
2091665377
2096166940
2101176316
2108069208
2109433090
2113021518
2115380565
2117587396
2119645179
2124293193
2124731867
2127287044
2129333375
2132038692
2138042638
2139836477
2141354786
2141655826
