4007157
9096697
11213489
11314602
13051561
18415145
22087904
24354353
25589408
26762172
31749286
36648704
40468498
47076442
50718454
50980678
55594219
56320779
59746535
62659824
65053556
67113520
71243191
72658122
72679272
75948608
79576009
83388413
85654778
103499045
105297701
108361846
108728629
108878845
114365753
131304352
137140460
138160965
151088841
152107535
152837210
161968068
165379579
169535924
177104708
178868554
180508366
182559295
185220892
190553367
211113345
214340729
215075091
215206789
216998620
218842107
221003879
222403990
223756209
224038959
232174851
234932927
235388662
236159664
238703792
240464408
249051325
253569488
255804734
259933663
260893888
266352796
267243659
268068322
269692377
273790599
282911457
286238981
289889118
295372798
302721710
303640501
304966535
306712631
308650680
316021210
319726594
322207780
326744421
330404116
337481612
340605114
341022058
342790766
346982520
349794793
357998930
362533359
366975571
375818306
381291479
388189604
389347402
393391079
397597508
399907613
400197459
402808622
409310534
410049074
412024877
418817281
431976504
432288453
435208775
435997520
445677072
446787185
449453976
458717831
468680986
469521671
470587844
471834341
476993009
478086284
492750742
493148491
500680763
501877946
505358159
506004022
513870508
516044451
517213201
520946256
525960549
527769763
529674774
531084497
532980464
536938389
538710290
546667315
548452908
549399960
558301543
560811997
561212169
561379039
561702047
565025576
568203855
578428476
580962567
583977515
592064630
602147192
606676393
607293308
615139717
616357903
617564595
617779888
618152844
620664542
623584298
628188136
638470446
640718529
653430190
663256907
663622301
664274756
665742376
668769478
670412428
674347647
682212690
687966183
690575382
692555688
695669732
700364012
709047717
710684143
718635432
720787751
726687870
730172276
732098416
739810797
744985906
758508765
763507812
767694211
768085191
768587234
772577383
776994929
793991353
794349824
798894121
803844745
811323067
814301042
814851178
818790942
820166781
822669881
824731224
829524761
830859670
836649928
838983585
840361798
840582235
842146930
851249941
853275747
853826908
857789139
871467382
872259654
874673859
874792243
876194681
881610624
894121891
895348305
897034864
900012197
904048716
905337989
911735527
917371208
923778898
925465612
928927451
936578008
938557021
941787387
951732526
952088515
952721402
958419097
958496454
973757628
976655431
983956868
984874915
989263783
992350511
1000525888
1000893488
1002291917
1015655814
1018203015
1021083163
1021469068
1033723217
1036027616
1037478417
1040491191
1042113620
1043438882
1044835468
1056167606
1056530229
1058348005
1058908470
1059482329
1065885058
1069718696
1075039477
1084430799
1089865700
1090938543
1095497845
1096182965
1097924297
1101812480
1101923023
1110794919
1112652690
1113747883
1113785716
1117362846
1121251601
1124369522
1124854906
1130922897
1135316065
1137553015
1137942702
1138806334
1141204768
1144369116
1147452762
1151590071
1153501488
1153623389
1155135759
1155333787
1157339983
1162714313
1174437551
1177489031
1179319403
1181480579
1181653053
1182118842
1190926158
1198303351
1200336924
1202250761
1207948639
1219045025
1222511148
1230645162
1235976628
1237242800
1241422157
1247463460
1249039243
1256331347
1258285597
1258607448
1261303879
1262035955
1264743583
1272652412
1274835255
1274917767
1279092520
1280738689
1286749705
1287271717
1299144655
1299576263
1304749913
1306333948
1308282083
1308938673
1321538854
1327520524
1332748678
1334956415
1342907630
1345482079
1357506867
1360185137
1362509392
1364368881
1368245246
1371001384
1372260495
1379173448
1379205406
1381995577
1388664000
1395479765
1401233896
1401574386
1403688100
1406994629
1407914012
1410716859
1416426607
1423994673
1424193320
1424935947
1426266119
1428829388
1430947537
1432451433
1441815764
1443681535
1445015268
1449849594
1451513823
1453233404
1455124444
1456615144
1456687391
1460231880
1464562560
1474425068
1475947944
1480651296
1481154854
1484066829
1485690611
1501602505
1509540026
1514043274
1517661287
1520803747
1521547473
1524711652
1525636461
1528019955
1542958679
1544161085
1545943920
1546291980
1550009689
1555333989
1566427846
1570731080
1577998636
1578663957
1580947160
1584198603
1586761818
1586901496
1593105572
1593363628
1593430912
1601246662
1603502380
1603931163
1607938961
1609804298
1610469992
1610583196
1611828013
1612981579
1619103138
1620735359
1622395905
1625929540
1627441402
1632424994
1655017762
1656119162
1659203895
1659889469
1661016063
1672346223
1679842408
1683117715
1683794567
1701034904
1728410155
1736553057
1741499113
1744004429
1748658007
1753095146
1754890323
1756742740
1758066318
1761698977
1764741733
1768012895
1773565477
1776349214
1776942506
1777777798
1778819879
1780867346
1788322654
1799345178
1807504817
1807959495
1813548668
1821656625
1823111248
1828202071
1831240549
1840239959
1845029214
1848312181
1849099316
1849671094
1854696199
1864258033
1868705728
1869476988
1879318907
1884094806
1888752822
1893525889
1895601933
1899343317
1901815307
1903054968
1904238553
1904667293
1912588368
1914683696
1915208367
1916422972
1917077882
1917357507
1923204679
1929522169
1936090135
1936983691
1940360160
1941452961
1947659921
1948407717
1951777595
1954633985
1955288326
1958901446
1959461851
1960987397
1961328045
1965546411
1966971127
1968363093
1977451845
1982126079
1982649702
1985586680
1986391852
2003451339
2004112850
2008161547
2009375971
2010395618
2011748538
2032924939
2032937141
2034203313
2038311315
2042952153
2046952557
2051595235
2053897070
2056161983
2056961727
2061911961
2062431945
2066064209
2068846823
2069428825
2069772683
2071130217
2077815061
2080444738
2084599571
2086270687
2097012231
2105960279
2107835148
2115292317
2117295149
2118613649
2124019717
2125371946
2129956635
2133083237
2134648562
2136345339
2143467136
2145076985
2145129574
