5006448
6206804
6531541
6795533
7141927
11788769
12295664
13107621
14102127
15497565
17977570
19920835
20366884
23670618
24983445
24985059
25780169
32781782
34041166
34609301
35955062
38403224
43772811
45038484
45705150
51744918
55406471
61885615
67122502
67705042
71499065
71607186
75400201
76271523
76800383
80446424
82521888
84514394
85965773
88396956
91863308
93284122
93538831
94043835
94389781
94863189
102013738
105824365
106904498
107088779
110392563
116355895
118653823
123157667
125925168
128858095
133838423
133989792
134921174
136322982
136656183
142640024
144336201
161284889
165886978
167581421
168961162
173108486
175284499
177843592
182355512
183446187
183960542
186732000
191790282
191908201
192600949
195359191
196792228
196831459
199235860
201055452
204640325
207318489
208634289
209017947
210484932
211007655
212393500
214075948
215049877
223919649
225892541
225908821
231361542
233146329
233557505
236280384
240749460
243431267
245889055
246647465
254107424
255198459
259432437
260536478
262205708
262379793
268556606
274329181
279001680
279117127
280468932
284335009
284951139
290445477
294377995
298857921
299192764
302183794
303366763
304975189
306774776
307897421
308354359
309952552
310641740
312416902
313440738
317615987
326648557
333239052
333530135
334115648
338183335
345711138
348353099
348628884
348671420
349217287
350406603
358221012
359716858
363452138
365695128
374726827
377425980
378362629
381238635
385852877
388072741
391307552
403092185
403806531
404525153
406312318
413135235
414472552
423155031
424004104
427791753
432040391
437350388
437659111
437941131
440163024
441691293
443864909
445554215
447825157
449821469
451426995
451506950
452019724
452540217
453318786
454316535
454414480
456190813
460277773
460652879
463138057
471706159
473278803
488047593
492977002
494311093
494458575
495052643
495746192
498650874
511549485
516040898
516161361
517191119
522832744
524749189
527472589
536614451
537303474
538120025
543959752
547035710
547776515
553617577
557485478
558967895
561865518
563981748
564887432
566976355
571895946
575191278
577686265
580420006
582186493
585720938
586161950
588851894
589217031
592589919
595933636
598099734
600165319
600957285
601906523
606401231
612616205
620290497
621548378
628662537
629687178
632965748
633884099
636144953
640323184
640720209
643186604
649230310
649309003
649742797
654934952
655268351
655641841
661696556
662726565
664091518
665334618
667851490
676057832
682518053
682675252
684999728
690623119
690654140
692031003
700046428
700780407
704816188
707878339
708922132
710922331
714357328
714682660
715795846
723117382
725563328
731359699
731675899
733679466
735378793
735620031
744155515
744498802
745182992
755094801
755338159
761090066
771228917
772708619
777979715
779165853
781825302
783723697
784189842
785407827
787515370
788439109
795600952
797769595
802046323
806792392
807027919
810921651
816082320
817611236
819515949
819982751
821977058
825731697
831413791
832052152
832284754
833370106
834190865
835117177
836571555
841189282
841572353
842633397
845756333
846210542
852658595
856840905
860444840
860445644
864802385
866287955
868485260
868803698
870837137
874263340
875640170
876605854
880254855
880269094
881340939
884771052
889990963
891645252
892216554
896822448
900019806
900624053
901450008
903813098
907864446
910190343
913609717
922876473
925078615
926065641
928768374
929519853
931314582
937144558
939051856
939455668
940375801
944326619
944928325
945887410
947320100
949196260
950450628
950553124
953389053
958865720
959229698
962169716
963396372
969524308
970121432
973273554
975241057
977696004
981068146
983947302
987467905
987600760
989878195
991087107
992959560
997722737
999246005
1000191057
1003256656
1009666444
1015028135
1017236574
1017297014
1026116008
1026678530
1029265630
1030389391
1030781946
1032850159
1034840768
1040816697
1046060098
1046420780
1046951110
1049233551
1051275655
1051291447
1054762031
1054902236
1058660454
1066635782
1069736499
1070537144
1071962269
1072695699
1075800067
1080186499
1082880915
1083242678
1085696422
1085963678
1090355708
1094077983
1096075693
1098085901
1098221926
1098526918
1101915950
1106768558
1126646756
1126667200
1130848476
1141856520
1141968232
1143343375
1145404813
1147227440
1148775657
1152470687
1154357771
1155293192
1159428969
1161424462
1170322335
1170449639
1175816039
1185852650
1188018591
1189275508
1190083877
1190740540
1195378055
1195522402
1195866579
1200343520
1200851659
1201255258
1202883557
1206554945
1211142673
1211144003
1211529205
1213163030
1214066527
1215191430
1218075450
1226236421
1227464764
1233191330
1233300196
1237716319
1239703073
1240176191
1247045371
1247671922
1248696595
1250905155
1255816772
1258227476
1258339528
1262453122
1266181690
1266625308
1268392400
1272620654
1273043957
1275084210
1276233509
1277173888
1278214304
1278448505
1279227637
1279837052
1290752617
1293940999
1294355972
1294711245
1294829093
1299537876
1301599543
1302026833
1303009319
1303878372
1305653106
1312614903
1314413518
1325563564
1326284336
1339372327
1340448942
1340566246
1341138185
1343486387
1349315828
1351585011
1353047651
1354483130
1354784830
1356540061
1359372953
1361874710
1377659145
1378877324
1381580749
1383304928
1384777075
1386669348
1390777481
1395316274
1395619980
1396054040
1396586155
1399637680
1404892408
1406210273
1409759586
1411736810
1412579461
1413552564
1418669697
1421244900
1426600475
1428297612
1429415498
1434242612
1438537876
1441987532
1443133699
1443632625
1444954808
1445359280
1446172922
1447915331
1448177429
1452581033
1453541207
1462494650
1466545897
1467395861
1468915424
1472029437
1481319556
1481561703
1481797592
1482990045
1485913766
1490854401
1491450100
1493015041
1498982614
1500734930
1504796625
1505503552
1509375586
1511650078
1514292969
1514651034
1520794014
1521680543
1524279386
1525789071
1528719011
1535406996
1536961152
1542030108
1543300948
1544530648
1549932827
1552179794
1557937734
1560008580
1567175675
1567890974
1570379926
1570563082
1571482582
1573211645
1580041949
1583372647
1585468848
1604757034
1609245301
1609280196
1611977624
1618956829
1620437772
1621668006
1635483803
1638279616
1646363444
1647839280
1648054790
1649427278
1654102253
1654924780
1658180913
1661125787
1662058997
1667062421
1672769995
1675331135
1680542985
1682093373
1684971538
1688396354
1691517414
1692758992
1692825110
1696726435
1701415659
1701450093
1705883554
1706712933
1708080261
1709412842
1718797475
1723613229
1724433862
1724612010
1725540933
1728621440
1729916161
1731875685
1732405645
1738752159
1742720060
1743717518
1745437399
1746155521
1746897857
1747074352
1747534966
1748597646
1749481393
1754515180
1758334765
1768458270
1770627429
1773225887
1775527771
1776942593
1778099391
1781272165
1786898957
1787991500
1790110918
1795261221
1796650057
1802516258
1805710601
1816396407
1816466364
1816754088
1818030761
1822373004
1822783591
1826512194
1827547538
1833536829
1838385314
1840123375
1840249942
1848370459
1863217118
1863572453
1872926043
1873479429
1874046895
1874288218
1875745546
1880372958
1884432290
1886544547
1890041942
1890781699
1891547663
1892552748
1892629687
1895011943
1896203991
1909814575
1911099255
1919751767
1926641644
1927935156
1928356428
1929865372
1934077088
1934759392
1941563089
1952972980
1957914111
1962921509
1963173944
1967755155
1969491979
1969580085
1972839541
1975667093
1975775372
1980529965
1984977652
1986238432
1986410952
1992494856
1996589418
1999336547
2005346660
2006052441
2006333144
2010651230
2018080389
2022548439
2022707187
2024653494
2032656200
2033795419
2033843821
2034061501
2038667420
2041204724
2043493195
2044724526
2045323742
2046271977
2049074012
2055882282
2059117847
2063893811
2064664821
2070674451
2071078797
2076140419
2083631706
2087545972
2093221825
2093744699
2094845129
2096548805
2105461363
2106442525
2111545769
2112208543
2118038830
2119646060
2122431739
2122771872
2123266197
2126076361
2127376101
2130491079
2131391027
