755892
1401027
4055282
11027783
12341715
14990117
26825325
27811829
28571643
31091317
31143803
37852826
38703554
50711131
52143239
52218435
55530535
57391489
57912753
60014274
61875600
62316472
62600971
63260947
66089110
68001768
75145398
75304132
75678067
76758393
80309129
83308929
89231930
90094551
90176482
92729591
94589370
95240423
103433096
109995364
110652491
120144533
121227669
123636687
124202130
128072709
129094760
130941614
131960903
138095654
139066199
141157869
142882921
146987819
150316087
151315117
154382052
156853873
156982788
157492699
158026088
160313962
160455154
160799808
162203525
163871049
166341660
166683689
167372957
167732851
168971536
173366036
175926166
177244974
177716810
178076908
180413188
184294403
187811069
188085491
199830246
200239433
202224209
210858827
211558115
216808061
217103215
218839890
221951358
223814652
224493932
225363317
226766106
227363669
229563380
232512991
235757661
235758226
238542351
238614754
239664297
241307006
241435413
248652995
249430345
259237024
260548557
262811405
263217149
267288414
270879239
275341976
277762155
279527852
283252393
283589137
286720820
288794575
291183821
292110705
292358902
292622500
293380444
294609018
295545415
296057589
297258318
297623713
298184197
299360090
300067820
300298910
300669854
304628114
307547757
312094515
312993087
313074665
313370095
313477496
315207312
318853872
324174978
327320637
333411855
334345783
338907334
339848305
342819284
343280355
347080733
350550226
352759607
354689449
358126394
360875673
362027878
362340259
362759358
363281395
365124668
366041995
368508139
370261585
373251797
375321938
375717415
384055061
387031669
387088085
391851762
399467436
401798567
403824638
405443547
405776940
406392268
408928447
410498736
413812567
415212077
417683430
418476897
419604313
419685250
421095233
426768324
428085454
428654634
429159678
430762176
431821500
432523378
436598958
443480345
445240358
448654802
449302256
454623109
455179935
458618912
462248498
465132776
466731319
471840749
473859835
474563151
475294028
477147404
478446096
481752495
482273101
485269994
495043112
495093021
497667893
500710816
503259850
503739516
504815004
507975912
509352288
513560168
516581488
521328386
521855438
524251041
530028916
530035464
537445465
538090495
538433946
539702721
541687775
541791860
543046735
543315432
544983657
549439714
550137901
550171643
555552883
557166745
557187399
557828696
559551935
560754373
561336563
561945736
562245597
564239322
566799529
567670875
570107518
570247007
571246174
580618059
581942174
588334490
589412628
591149929
594634416
594703194
595506352
596116712
598294434
601525890
602460493
607434876
612549388
614608461
617056525
617730478
624723335
628425927
629232285
631865026
633286780
633902140
634750090
635064180
638752136
640017663
640752973
641394737
641550781
641909440
642185670
642321456
642709825
643205588
647599893
648829197
649617085
652169385
653436953
655365329
656095199
656666221
657584019
663819490
664957976
665141965
667012058
667327127
667708037
667851273
669666926
671600286
679351471
680511026
681158726
689559372
690225566
690435633
695164642
695677094
695711655
696528564
697938940
700653519
702609022
703081991
703098960
706705299
714886155
715663133
716339868
716907229
722771919
723714417
727903623
728778720
729412424
730293357
730895641
733091318
733447882
734413045
734781103
736154030
742581415
744180802
744283914
747591102
748182251
749820199
752626854
753152555
755518302
762888054
765363128
765475281
765832562
767916338
768403089
781141363
782116424
782324632
790266217
796954050
797313180
800220975
803802866
804435481
804829305
811995700
812102316
815329609
815396440
817135604
820542589
821939591
822406410
830885763
836537098
837851648
839392146
839729125
842813475
849161772
849833748
849853673
851352563
853037332
854377239
858124158
861262715
864940016
868300359
875145099
876560590
878021420
886891386
888110957
888275556
892961780
894446658
897302840
899201336
900658189
905193794
905925216
907754176
908472673
911694517
914135269
915488923
917130000
918157891
918255795
923118963
923444912
923448435
923915600
924056210
925308620
926228811
929671962
936132001
936802093
940318494
941160897
948118079
955130985
955995029
957281431
962170636
966904771
968156948
969058850
972820565
974197143
978403482
982857706
983150873
983322834
983886399
985224197
986419959
989701725
990465490
993635602
994176758
994950020
994973786
996131116
1003356786
1004707365
1005464096
1008782539
1009646405
1011158000
1015732649
1018346958
1022280626
1024788085
1028680169
1031275510
1032991968
1034767982
1037018572
1037342631
1039449537
1039789115
1039835382
1041912338
1046966663
1047466863
1047946004
1050263268
1053389980
1053969002
1054139941
1058524073
1058660197
1059026373
1060032981
1060860360
1064289676
1065741270
1068844764
1068930297
1070096509
1072549607
1075479013
1077947250
1079079638
1086036869
1097789240
1102067087
1104120929
1105783602
1106336786
1106412537
1106820095
1107183316
1107729242
1110480141
1115532529
1119727326
1120743823
1124788959
1126073453
1126324839
1127431496
1129342260
1130739188
1131180074
1131964524
1132040642
1132818046
1133809586
1136317966
1137539304
1140293492
1145836173
1146618809
1150557579
1151442625
1154883718
1159349039
1159953567
1160036672
1162660944
1163897016
1165767639
1167234637
1170171713
1170720667
1175427739
1181841859
1183473475
1183731685
1190174761
1190921634
1191386467
1192206573
1199445671
1202630244
1204646097
1205234843
1205889769
1207867626
1208626278
1210965856
1212993657
1213343984
1213940136
1215307378
1215653028
1231276902
1231818429
1232116428
1233974095
1234919582
1237454212
1240749836
1246420494
1248118893
1251348188
1253386321
1257063743
1259234701
1259526871
1263040976
1265944281
1267705733
1268958080
1270786393
1271147035
1271470797
1279132270
1279771924
1279943463
1281420302
1289866222
1290026775
1290998295
1297274644
1303898596
1305478305
1306373674
1306684186
1311475797
1315923061
1316117403
1322014621
1326358927
1329316742
1331104620
1331625056
1333150623
1336943833
1337717025
1337837318
1344624326
1347482651
1349988465
1353459880
1360667725
1361704803
1362100701
1366613185
1368830160
1369572459
1370731933
1370898738
1373640863
1382143648
1390072502
1391387304
1397196833
1400511931
1408126111
1413915040
1415721703
1421013276
1426934261
1426989056
1431751728
1432779521
1434685826
1440415489
1442903400
1443500049
1444063709
1446802432
1448380946
1448901198
1450454032
1452091401
1454581542
1457708081
1458219523
1458496427
1462481323
1462728481
1464564867
1467942946
1468643539
1469094621
1469934802
1469996279
1474053972
1474678608
1474775810
1478936148
1480055086
1480948981
1482735757
1488522654
1489459056
1489964814
1494779430
1495239389
1495954470
1496026514
1499735633
1501164486
1506806345
1509385342
1509597529
1515551878
1518121483
1518465318
1519454361
1521019098
1521218409
1524347257
1526200807
1533302342
1534089245
1538318719
1538922154
1539638972
1539707634
1541043672
1541211727
1544426428
1545185743
1547039429
1547994208
1549687764
1551739173
1552622785
1556035656
1560906447
1561801442
1562145702
1569751110
1574794538
1575884842
1577820785
1581507876
1588932795
1590139627
1593126947
1599744736
1609648218
1610391355
1611256257
1611595079
1630226318
1632910463
1633004892
1633063664
1638672807
1638849015
1640475914
1643432044
1645419306
1647357291
1651501344
1651951134
1656896210
1659101604
1660352616
1660541138
1662815949
1663548721
1664450176
1665316482
1666116256
1667549231
1667735191
1675281218
1676196628
1679687210
1680029969
1683486476
1684648172
1685320736
1685954098
1695469123
1695718825
1700830074
1704048207
1704119906
1706742539
1707455080
1708596856
1714816052
1716098759
1716209378
1717533061
1721821932
1721911171
1726598411
1726728221
1731790265
1734043448
1745741573
1746462633
1747315225
1754596594
1755795147
1756575288
1761035976
1761528045
1761776739
1761815750
1761927542
1764403504
1770303686
1776567983
1779039513
1782391024
1785094952
1786279222
1786964071
1787071442
1790201928
1792045257
1796004157
1796240133
1797443786
1798506581
1800939958
1805909513
1807893395
1808067219
1808319931
1809951108
1812591511
1812965712
1819225996
1821188305
1822575037
1826289422
1827339138
1833125088
1834973702
1835599235
1838146625
1841168762
1845925112
1845979167
1848362770
1852026862
1852543260
1854416371
1854604597
1855295603
1855778607
1857601791
1866254175
1866321075
1869605532
1872987676
1879805057
1880508462
1881597170
1882562484
1885976208
1886347049
1887843969
1887876641
1890648560
1896710693
1909651344
1915575768
1917230487
1918601308
1926744283
1927701401
1932869885
1934786265
1937378405
1946118675
1946787705
1956522388
1956869356
1962859152
1963631670
1964410731
1966089201
1966984934
1967261303
1968240832
1969921742
1970668894
1978771898
1981902811
1982546719
1982785259
1985974659
1988889444
1992759314
1994329948
1995546340
1997365712
2003774920
2007145055
2008003299
2010173722
2010803068
2013774566
2014389857
2014457495
2014622959
2014641980
2018731633
2018838385
2021896836
2029201827
2029294306
2030002176
2030950646
2032551663
2042003934
2046187044
2049829839
2052750370
2058423490
2060669941
2060705574
2060948528
2061504482
2063094398
2064089347
2067318126
2068011321
2068120834
2069715918
2070503488
2072997338
2076205482
2076375842
2077581863
2077583820
2083568603
2086118222
2086416096
2087641646
2089308997
2089615389
2091839042
2092466706
2097346188
2097952586
2100508140
2101973023
2103309012
2103984090
2110119818
2112748640
2113474764
2114133970
2117797817
2119972207
2121158230
2122505012
2124152059
2125150286
2125264352
2125702255
2127769719
2135258852
2137184604
2140371323
2142290777
2146959185
