16551063
27189238
27867823
28171938
29109169
33150142
43378297
60405716
61158768
68489879
72614248
80018407
93083728
121175324
123967647
133833969
138941751
145754291
154531391
156237543
157242003
158995475
159211052
164205427
188039882
194706025
196814714
199720785
202814679
207519770
213029215
219734347
251148098
278527557
289720832
289910750
311869357
328060444
330868253
331366805
336040792
341793956
345042069
354092066
371632650
373031559
383659711
384847420
398718252
403510756
410240808
410397989
410885761
418230675
421254878
422024647
427587408
430049101
433645288
435308721
450600376
466341953
474738402
487991290
488309433
489808747
491980382
500027055
502409308
504994223
506600982
512128397
514378231
514391035
519464023
522929591
532399666
542887235
550118842
557887058
574312578
576508010
580592953
584063055
587343819
589209736
593706675
599731835
603333240
611894977
615551771
634660629
649806553
654432140
665256329
666193946
694504979
697880485
709425141
728036289
749056285
750552011
753074814
754416526
769950063
773133127
776622323
783862974
798106879
811864671
813541563
818754873
824975873
828490342
832991845
842364785
845215513
853475931
866321451
866400915
873881508
879262364
879714213
882447828
882449959
889765031
892410650
896356183
900914629
902675974
909230455
918795100
922401439
925352155
926184817
928682392
932572528
939303346
958884530
960325366
961025255
970272357
982658307
985175202
997223148
1005495795
1009657475
1011430899
1020486408
1028023766
1036546410
1045326341
1086203522
1087110727
1092573470
1114233122
1116892135
1124093398
1127110507
1151081411
1159936919
1160726192
1164062230
1169583698
1178583747
1186704814
1193244433
1210018190
1212485038
1214865991
1216150727
1228680872
1232718127
1234972987
1240781315
1244920787
1251839192
1258330345
1271241583
1274699694
1298317383
1300919103
1311679520
1317021211
1318108219
1322559834
1328338046
1335250437
1335971653
1339123698
1341167186
1357542704
1357919068
1363210709
1371773353
1378974974
1390991715
1392763089
1397117776
1399151876
1407780975
1409962781
1410282571
1421224159
1431258752
1431944336
1444115417
1450699203
1454541724
1459661151
1468025401
1475609738
1489279203
1491435442
1496397206
1498329860
1508294396
1514212552
1537926230
1544919445
1551470431
1555612456
1560408723
1576228439
1584186193
1589152224
1612832313
1622371771
1623521909
1626844320
1651734078
1654083827
1667740384
1685717436
1688473088
1709466336
1721836329
1735415686
1736985599
1748199810
1748378549
1748554245
1767669139
1778379868
1784888404
1809462089
1824035998
1827701446
1833997920
1836791527
1838092123
1841747353
1846015827
1854703170
1875135623
1886856971
1888619153
1894084049
1903281832
1928102828
1935612731
1941623531
1953267250
1954652884
1966933749
1969979704
1972443672
1978119601
1984483580
1986717815
1991824739
2008171192
2020704069
2022252980
2023009444
2031444559
2050603843
2055371005
2094673719
2101220412
2118490239
2119068222
2123946003
2125278888
2127907803
2133371574
