922615
15701349
17361782
17975531
21024543
23135456
31216963
40011202
42493637
45455642
46390837
48393449
49767406
69155357
69453339
71765394
72469821
72747701
74636810
76168738
76953150
79119667
80135234
84625146
92397118
108680901
112116969
116503662
117483789
119145815
120621077
121692751
125579367
139689927
142724333
150107865
150129666
151681879
159789087
160066100
162641075
165814958
165904206
171390140
171829308
178361347
179297012
182267128
185710765
190275410
192578418
193534783
197168579
211819529
213580058
213775438
217321009
219383923
227448352
230793278
233791311
234096581
235529568
236886639
237673003
238185958
238730564
239791531
245985989
254179193
256413960
260176803
260994172
262615851
263203439
263627256
269351546
277255487
283467011
283883060
285561108
291379159
296434034
297830391
300041763
301895013
312253852
312663520
312785573
315018897
319492273
319714550
325244105
326279005
332505617
339908761
343429987
346222314
346268144
353616749
354735954
354784396
360479760
361482366
370630729
373467660
373625795
374606339
382852658
384665834
393569144
408041559
409421629
410373458
411301565
413074656
417548988
420214155
420549202
423726222
424743595
427069252
427824690
431256689
431885340
433285178
433613757
440347107
445105432
447045912
456890238
457685376
458055021
460167341
468195387
468507233
471155292
485950856
489347811
491484097
495827156
501690919
506216428
512821884
514809567
516068325
516747946
517015230
517149201
519612397
522133176
531942840
535098938
535653831
535923689
538349365
538887022
539519392
540697028
544798194
549324318
552805973
553000110
555419282
560581235
563537370
567690155
568607290
569442792
569973062
575907775
577390074
579201620
585508097
585644830
587693662
589203765
591935050
600104005
601174249
605871517
607754800
613259840
614057570
618765512
625352547
627550941
629550455
634761646
639705393
649203922
651914275
653399586
656106982
665076398
672598267
681232805
683312507
686236955
686997461
687167730
687683273
691388188
696662343
705730146
709855474
714237715
716998913
717931930
720222080
720969444
721332693
724093796
724545760
732419773
739691115
740480821
741047847
745247253
747372335
749096676
751321740
759762471
762736903
763566235
765229495
766635989
780196863
781515668
785129978
785381160
787027248
791402177
792349288
793530947
793614305
797886941
798996827
799332204
800663730
802453106
805048962
807055359
826768444
834362637
837863050
841667506
842582665
842914601
843626678
848484017
848718828
849796015
849985084
851286352
851735224
862254400
863227297
869307407
869878872
871846194
875541782
882090048
890143870
890319162
891142348
892284430
892829752
896236719
896833615
906484637
907969876
911619803
924151065
925924474
928048308
930860093
931073915
933870812
942837272
943399895
944622948
950522501
950569038
952906443
953394430
953752652
954965561
956428271
956999995
957061470
957117567
960414247
963071658
965197985
972467244
974324941
978116848
979736104
990164070
990793965
990977393
1004237199
1007093358
1007407173
1009731507
1011528237
1015109881
1016201511
1016447950
1020891697
1021626429
1026145120
1033000093
1039437028
1039721148
1043586824
1044443075
1045314889
1049305998
1050823889
1055509250
1055917894
1060929877
1076631321
1077022190
1077931024
1078348939
1081378067
1083647032
1085701526
1085911859
1086007203
1086753030
1088844892
1092674602
1098894466
1102980688
1105759921
1106415907
1107066858
1119030283
1121021367
1130445088
1130981274
1132839944
1135142858
1145838204
1149642956
1150891288
1151013057
1154385373
1156270151
1159464515
1160402270
1160601358
1166234768
1181287910
1182463055
1183683080
1199923718
1208615359
1217571433
1227614342
1231006076
1231855626
1236111808
1236238147
1237980534
1241130027
1241208926
1241345600
1243533276
1244965093
1248626186
1249180825
1250871074
1257737258
1258697623
1264188197
1264632926
1268766987
1270586934
1282776483
1283477560
1288053307
1290140245
1290439619
1291981246
1295019378
1297015166
1298380008
1299431393
1320735414
1321788058
1327494576
1330052189
1332206105
1334273529
1343473970
1344694208
1359091368
1366647705
1367734079
1374174710
1385069108
1386645234
1392172751
1392911391
1397459674
1398565911
1399579469
1401534907
1403079892
1411936206
1412750681
1417867827
1421268886
1421606450
1423173401
1430619847
1431187069
1435133897
1442064432
1442112990
1444308339
1446498153
1447505858
1452283380
1453755613
1457184920
1458163545
1459731851
1461877176
1463272104
1464340165
1467145272
1474100352
1475823347
1483349640
1488362703
1488884582
1489971032
1492390650
1492464061
1492481970
1493570982
1493904784
1499059873
1501905629
1503771399
1505745802
1510837181
1511941461
1514298387
1516007647
1528279271
1530970210
1540610913
1540790865
1541975809
1545429244
1547000563
1548119990
1560109564
1561167512
1565636521
1570622646
1576369401
1578136319
1593409931
1597917175
1600389688
1603251067
1614967760
1621986968
1627349682
1627381284
1631157065
1634677611
1638594101
1639122376
1643536471
1645472432
1646077194
1652239389
1652975355
1653062780
1657114067
1662467240
1662479764
1665804703
1665933243
1680917011
1687298108
1691373660
1701162323
1705367763
1706734414
1708541910
1712490981
1716583017
1716743969
1718901818
1724371472
1727827747
1733368035
1740044181
1740405961
1744798402
1745258685
1749457684
1766110817
1774050846
1787003638
1793639922
1794148915
1799545519
1802338446
1805612977
1807236840
1809068347
1809728726
1821285023
1825147710
1825437899
1832449970
1833849208
1834056186
1835492507
1836761363
1840015044
1847827094
1856344028
1856856670
1857120061
1858140360
1858604866
1860008441
1860984524
1867333043
1867451496
1870824064
1877834593
1877851465
1877945874
1878116689
1889046926
1895945082
1898729495
1903127850
1914665068
1914734010
1919555601
1919838532
1922398653
1926791127
1934159022
1935992191
1936247273
1940024171
1957903442
1961477317
1962820409
1968317491
1972804600
1975527801
1979151927
1980114394
1982766885
1987807670
1988043265
1988176280
1990169284
1992325216
1995187586
1996932066
1998475611
2013445025
2014516164
2014551295
2014975166
2016197972
2022274736
2022817405
2041500739
2041558198
2047675457
2049174530
2056249070
2058166465
2059975918
2063948508
2065764503
2085767719
2097316914
2097941775
2110740967
2118310443
2119148985
2123054727
2126153887
2126823746
2130439176
2135358609
2135480560
2137325305
2143374069
2146900193
