256015
6177213
6201532
6636585
7268381
8575649
8801895
9926496
13130419
16591437
20120993
22404968
22417367
22863146
29717161
30257410
33944067
35797143
38987540
41953730
42890443
50604177
50924944
51206757
54152053
55972609
61908959
66502835
67997139
68362046
70812711
74150055
75288139
80341142
80702648
81221331
81565674
85884571
89588733
89591299
90054194
92223120
94210249
95446759
95647559
107482530
107564450
108544671
108776599
109169129
119383440
125070196
125491334
132039074
132222558
136005852
138120717
141048422
141309952
142593935
147847098
154666828
157069612
164611709
164934392
164957803
171262790
171742145
176104630
180568509
181112663
189005907
190186102
190220257
192354064
196204464
197463694
198087697
198325960
203031136
206458893
207913072
210737901
212086177
213343220
215375960
218332501
219030550
220535618
234985078
235534863
237101051
240634266
247347652
251184696
252034650
254523973
257611044
258376792
258393146
258545203
260418562
264938245
273923456
274277651
277751031
285733460
287358273
288183162
290375670
296491547
298004875
298068196
303594844
305479177
305730890
306428045
309956908
316488249
320297000
322787380
327939224
329321420
338231616
339709195
342885810
344478232
344604910
347432784
348529219
355375806
357885912
358684815
365184202
368786643
372345072
376054620
377142842
377318787
380176998
385649996
388077137
388695969
399359460
400177338
400357764
400577361
402425719
403147298
404524935
405005612
409475352
414681444
419022951
422301176
424710923
427496658
429105180
433026100
434943551
435539387
439448295
445129836
447352871
457783639
458789606
458999837
468787914
469144519
476468818
478019913
490158412
494163365
503293773
504763878
505654389
507088238
509706994
513075357
516459715
516970651
518815049
519229200
522153077
524796805
532746801
536255372
538557794
539030231
540191381
541382069
543742207
547730975
548010434
553429592
554444606
555575449
558729842
559188950
560919653
561855461
564132556
569636359
572128174
573863078
577007680
577976446
580002749
580502486
584522193
587808811
589208021
592009571
593008531
596000065
596749647
597013165
599249030
606447748
608619910
609908862
613294304
613527797
615914919
620309811
635404950
635890966
640399662
642034095
652442411
667123847
673282741
678006132
682242146
689449924
691861418
692823481
694701561
695291075
697027579
699032598
701439881
709364498
709479527
710108393
711606193
721647824
723491055
724213137
725274834
732094383
732493135
733956846
735719304
736719245
739120449
746411277
749709988
751796714
757536724
760106194
761502763
764545359
766466389
766521734
767732721
771235463
772355121
773149488
779118327
788254550
794687541
795032931
801813644
802924596
807941186
808809016
809021070
811353532
817894585
818235000
818652629
820146666
824886862
824988392
827023798
838311811
842669904
842784774
842962879
845576492
846459343
849082432
863380461
864580007
865778047
867325377
877776163
881117393
881180840
885170351
886937544
892319492
893034611
894204264
901627045
904819697
916246683
920636930
921543867
924239429
926540260
927933043
931154479
935517891
936366778
943057031
944137764
944574383
945210651
952793129
954485331
954744451
964489282
968123148
969012900
970870956
979521432
979816843
987088172
990954865
992874109
994773025
996463255
1010911261
1012389588
1019469318
1019890881
1021687018
1025510203
1026240136
1032008715
1033340896
1035411193
1035727363
1036571829
1038303473
1040191451
1042923896
1047472998
1049367006
1057346622
1058131379
1060203966
1064576917
1067188328
1071609778
1077879768
1078581144
1080411871
1080611820
1082123401
1082323101
1085560907
1088722631
1091045007
1094090672
1097038460
1098202933
1099896586
1099912208
1100614434
1102978125
1111873721
1112929752
1114045989
1114950369
1120654071
1122990832
1123991836
1125391066
1126617150
1126850663
1130682551
1132009018
1132804463
1135347097
1138771887
1140791584
1143398827
1143435025
1147786567
1149799482
1151221667
1152852805
1153300311
1154116715
1154920047
1158015909
1160184519
1163364880
1165381944
1165798044
1172563277
1178598838
1184898247
1187424886
1192914507
1194388021
1203695016
1205377895
1206521453
1207364480
1212251361
1214286779
1214777696
1219946922
1220752129
1225226284
1230148966
1231625059
1231874262
1234929250
1243929937
1244628447
1244718691
1248503386
1252359469
1255274056
1257740842
1258044696
1259582295
1261652006
1262229084
1262912024
1264441774
1266472270
1268240044
1269850121
1269866024
1274376865
1274881623
1277897571
1278747342
1279497634
1280239950
1287573537
1288828021
1288910045
1295012379
1298278513
1299130445
1299546876
1302997156
1308064934
1312319745
1314698571
1315003683
1320502419
1328732640
1331345254
1331737626
1336805956
1337963897
1339338881
1342692775
1343083627
1345641928
1347209127
1349470420
1352659532
1353603460
1354516570
1356212309
1357072282
1359986163
1362849564
1365136941
1367262013
1367358093
1368317189
1369061453
1370146273
1371072257
1372254969
1380229631
1381496260
1389550058
1399627956
1403288119
1406470066
1410825298
1412741689
1413218016
1421773823
1425037318
1427991578
1432130706
1432570343
1433308449
1433498777
1435535544
1438315363
1445291773
1445619244
1447026878
1454820185
1454939522
1458898422
1464504727
1464612489
1466378025
1469735700
1470150989
1470889522
1479063398
1479089032
1480266297
1484279080
1485824021
1488862314
1489821169
1494301692
1497730514
1498121417
1499561858
1500140494
1507886953
1512319222
1512549259
1513194849
1515383802
1522281771
1527977145
1530001669
1531460112
1533424908
1538358505
1540262179
1543707322
1545101885
1546830014
1549815984
1551315791
1564406496
1567526459
1569646479
1572778889
1575776204
1579137026
1581286988
1587452176
1589091528
1594505475
1598898185
1618206702
1618341662
1620396375
1623619495
1625579310
1625893643
1627791205
1630381237
1632748922
1632818611
1633326839
1636633472
1638392262
1640792606
1641872439
1648363247
1652874327
1655077545
1660508610
1665393077
1667597902
1668981511
1670300890
1671085945
1677694335
1681241121
1681312380
1681731569
1681803129
1684479763
1686104960
1695583706
1696715554
1704720705
1706977280
1707172668
1709450244
1710202162
1714986105
1717825522
1717831860
1720794554
1723135127
1723182442
1730920533
1731778219
1745807190
1753721874
1755734348
1759481019
1763884373
1765290569
1768923275
1769111869
1775906508
1781293947
1781355892
1781468205
1783074953
1784430923
1785659567
1795291216
1799248423
1799293272
1803251893
1803296029
1803457289
1804030472
1807190418
1807396588
1809430417
1812799350
1816063302
1819455405
1820735086
1823693428
1825026011
1827911218
1833170174
1835269656
1849318325
1850728799
1851354773
1854014256
1855214121
1859139313
1860786445
1862457536
1867913459
1876179803
1879013965
1879194959
1881946218
1886334012
1887605088
1888116755
1890368059
1890698187
1894444188
1897302962
1898730924
1898909664
1899524123
1906644441
1908016430
1908743859
1911895290
1913580841
1915108188
1915482160
1915768026
1916654729
1921822328
1922803677
1927165745
1928204827
1930971557
1931135932
1931506378
1932859334
1934001622
1935625086
1939868412
1942375432
1943540904
1947489791
1951761616
1965577341
1969843989
1972315129
1972808836
1977600231
1980806918
1981277473
1986961830
1989267905
1992046430
1994874539
1996920508
2001088156
2003602354
2004395520
2006033310
2006875746
2007718003
2008536199
2015264588
2019587021
2021510889
2022422649
2023449654
2026105947
2026943041
2031936363
2032056369
2032210683
2039328057
2040040733
2042616953
2044258758
2048832586
2049399863
2065840069
2066786419
2066909000
2068268018
2069141544
2070437546
2076344103
2079403877
2086851190
2087181652
2096090914
2106068402
2111602234
2119107142
2120524712
2127017974
2139614393
2144932237
2146016851
